199170.932949061 269.9497 -29.1137
668816.32118398 99.6020 -14.9532
971661.165884722 301.6143 29.4450
1269389.12472658 158.9586 -32.3116
2194769.43677229 21.5371 46.1148
2531154.95958702 97.2818 10.7737
2655467.36057858 286.1487 19.6342
3714570.27404871 230.4633 -1.2667
5161801.52008357 170.5865 55.1912
6726321.73247893 298.1589 51.0429
6905910.43159687 17.9824 -56.3171
7419887.99529515 83.4128 4.3370
8710460.61813053 49.7234 -33.1862
9364719.78432203 280.9603 5.6882
9481811.39748605 16.8573 20.6534
9833390.528771 288.9541 -64.7777
11792595.7366063 302.5293 -0.5896
11976324.5970957 142.2336 65.8524
12059367.6359418 336.4963 -16.8155
12524646.8562709 308.8866 -35.3285
14247455.7670611 324.8003 -2.2188
14492137.6878358 88.9918 18.3685
14680794.2236624 328.2410 -11.5111
15079868.1468975 35.6851 24.3208
15461294.3116695 68.8758 -61.6761
17035787.219133 160.7473 32.4113
17203983.0012486 217.7794 -52.5356
17391722.2591243 23.4076 -51.4370
18173742.3243152 288.9243 -1.3072
18384185.5275207 55.5497 5.9097
18502303.3782561 308.9700 0.2166
19045768.4399893 348.5289 66.7088
19551549.1877345 235.4972 15.0752
19878859.7564276 88.2921 -63.3462
20048304.2494264 336.3072 50.2925
20132501.3491588 207.3016 -16.7691
20520899.1970867 320.1210 64.2208
20631359.9687255 34.0658 7.3954
21107187.4696979 218.4179 -9.8812
21516955.453835 271.2953 -6.6520
23200789.3469173 225.7451 -49.4670
23208518.7467161 14.4316 -14.1908
23457390.7534398 119.5261 46.3489
23528052.0905597 239.3373 22.9237
23888077.6031924 45.1768 27.8081
24121909.9000646 193.4844 -43.2730
24427023.766885 238.2537 43.0364
24789255.923586 91.1210 -80.2832
25540171.3055019 236.0282 -19.2873
25627084.6816758 267.7878 12.6250
26498956.0664362 288.3079 -41.4101
26816927.9082007 76.3832 -2.1385
28429231.6054212 314.7598 19.3327
28579593.345935 275.7059 -21.5531
29354656.2292937 202.6493 59.9392    
