 199170.932949061 1.4237 -2.7595  
 668816.32118398 224.9087 -9.5851  
 971661.165884722 67.3593 -1.4344  
 1269389.12472658 272.2853 22.3694  
 2194769.43677229 129.1894 -16.3348  
 2531154.95958702 200.8156 0.0151  
 2655467.36057858 51.9278 6.0340  
 3714570.27404871 0.9569 44.0142  
 5161801.52008357 146.7619 57.6213  
 6726321.73247893 84.6255 11.9424  
 6905910.43159687 297.1457 -60.5804  
 7419887.99529515 199.8396 -15.1275  
 8710460.61813053 232.8409 -57.7250  
 9364719.78432203 37.1404 4.2748  
 9481811.39748605 127.9738 -42.0617  
 9833390.528771 331.3063 -26.9221  
 11792595.7366063 41.6462 -17.7130  
 11976324.5970957 147.4365 40.3198  
 12059367.6359418 42.3393 -54.8806  
 12524646.8562709 7.3221 -35.6118  
 14247455.7670611 52.9016 -37.7376  
 14492137.6878358 190.2982 -3.3679  
 14680794.2236624 44.4652 -45.3774  
 15079868.1468975 148.1829 -34.0349  
 15461294.3116695 272.2292 -39.5995  
 17035787.219133 194.3389 61.7396  
 17203983.0012486 317.9108 7.4130  
 17391722.2591243 287.6080 -64.4176  
 18173742.3243152 34.5376 -5.9933  
 18384185.5275207 180.7140 -37.1382  
 18502303.3782561 45.7346 -22.9523  
 19045768.4399893 113.5108 5.6340  
 19551549.1877345 24.8889 48.6581  
 19878859.7564276 272.6644 -30.5270  
 20048304.2494264 100.4353 -6.0823  
 20132501.3491588 322.2936 43.9201  
 20520899.1970867 102.3449 10.1517  
 20631359.9687255 156.7188 -49.8292  
 21107187.4696979 340.2298 45.4580  
 21516955.453835 21.6639 7.1453  
 23200789.3469173 323.8074 7.9982  
 23208518.7467161 129.7134 -76.9796  
 23457390.7534398 172.9925 30.4060  
 23528052.0905597 37.8487 47.9089  
 23888077.6031924 154.9566 -26.9071  
 24121909.9000646 303.4154 19.5964  
 24427023.766885 68.5891 50.1741  
 24789255.923586 292.0747 -28.6855  
 25540171.3055019 349.6632 27.5199  
 25627084.6816758 37.7142 18.9950  
 26498956.0664362 356.2470 -21.4069  
 26816927.9082007 202.1754 -24.4259  
 28429231.6054212 66.0213 -17.0279  
 28579593.345935 10.5644 -3.6945  
 29354656.2292937 114.0527 56.5089
