#
# $Header: /nfs/slac/g/glast/ground/cvs/ScienceTools-scons/fitsGen/data/egret_gtis_tjd.dat,v 1.2 2005/12/09 16:34:07 jchiang Exp $
#
8366.7286 8366.92985
8366.94622 8367.00309
8367.01259 8367.06903
8367.08178 8367.43615
8367.83979 8368.48281
8368.875 8368.97218
8369.19234 8369.84332
8369.85412 8372.01458
8372.025 8372.76479
8372.83154 8374.93056
8374.9375 8379.15278
8379.16319 8379.64711
8379.84767 8381.29514
8381.30556 8383.51389
8383.52431 8383.52523
8383.52986 8384.67315
8385.46181 8385.46181
8385.47222 8386.72292
8386.74583 8387.47569
8387.48611 8389.48264
8389.49306 8389.99352
8391.94942 8393.30556
8393.31597 8395.31944
8395.32986 8397.26389
8397.99259 8399.69097
8399.70139 8407.89931
8407.92014 8413.77778
8413.79861 8421.62997
8421.93365 8422.00252
8422.78054 8422.81807
8423.02331 8425.50069
8425.52153 8425.74606
8425.75451 8425.93264
8425.94942 8426.84213
8426.85741 8430.42969
8430.68473 8430.93925
8431.22642 8433.47361
8433.49444 8438.83209
8438.84877 8438.90036
8438.914 8439.24236
8439.26319 8439.26319
8439.30313 8439.67177
8439.69149 8439.803
8439.82119 8445.69896
8445.71337 8446.17708
8446.19792 8453.45833
8453.47882 8453.57847
8453.72101 8455.95961
8455.97326 8460.82083
8460.84167 8467.75312
8467.77396 8474.55
8474.57083 8481.39861
8481.41944 8488.26667
8488.2875 8495.04444
8495.06528 8502.94444
8502.96528 8509.78681
8509.80764 8516.49653
8516.51736 8516.5625
8516.61458 8523.44792
8523.46875 8526.76528
8526.77882 8529.74444
8529.75596 8530.36806
8530.38889 8537.26389
8537.28472 8537.32917
8537.35 8541.5
8541.53293 8544.7625
8544.78333 8544.83056
8544.85139 8551.81597
8551.83681 8551.88403
8551.90486 8558.79861
8558.81944 8565.61111
8565.625 8572.34514
8572.36597 8579.27153
8579.29236 8586.20833
8586.22986 8592.53461
8593.75368 8595.60764
8595.62847 8600.44931
8600.47014 8607.65069
8607.67153 8614.04028
8614.06111 8621.30278
8621.32361 8628.20278
8628.22361 8635.83472
8635.85556 8642.53472
8642.55556 8649.28125
8649.30208 8656.17917
8656.2 8663.06736
8663.08819 8670.08958
8670.11042 8677.06597
8677.08681 8684.92014
8684.94097 8691.57292
8691.58681 8698.57083
8698.59167 8709.40417
8709.41458 8709.47153
8709.48194 8729.32292
8729.34375 8740.01042
8740.03125 8747.625
8747.64583 8761.20694
8761.22778 8775.82986
8775.85069 8782.71528
8782.77292 8796.61806
8796.63889 8797.64236
8797.66319 8798.64444
8798.68819 8810.73611
8810.94514 8812.80556
8812.82014 8813.66528
8813.74792 8817.91111
8817.93194 8827.84233
8830.65833 8833.40833
8833.54931 8835.816
8836.62234 8838.65972
8838.68056 8859.67083
8859.69167 8880.82292
8880.84375 8901.8875
8901.90833 8922.53125
8922.55208 8933.49109
8933.49535 8936.50451
8936.55977 8938.91895
8938.93139 8944.87847
8944.89931 8947.0
8947.125 8954.29578
8954.31125 8959.01736
8959.03819 8959.50139
8960.83168 8967.70139
8967.72222 8982.7625
8982.76424 9006.82326
9006.82639 9008.77431
9008.79514 9023.90556
9023.94583 9026.09955
9026.13259 9026.38565
9026.38657 9026.75346
9026.75417 9033.22824
9033.22951 9033.90694
9033.92778 9042.33503
9042.36462 9043.28848
9043.31656 9049.10052
9049.10058 9050.73264
9050.75347 9059.0194
9059.05354 9067.12679
9067.14236 9084.73125
9084.75208 9094.70417
9094.72431 9095.72153
9095.74097 9101.79583
9101.81667 9105.44453
9105.47109 9105.76159
9105.7889 9108.65625
9108.68056 9110.875
9112.58038 9113.92569
9115.55838 9125.08973
9125.27943 9128.9
9128.92083 9148.43403
9148.45486 9152.95833
9157.54383 9164.57787
9164.59483 9174.83333
9174.85417 9177.94225
9177.94248 9193.34792
9193.37222 9193.37882
9193.37917 9198.63889
9198.65972 9218.80208
9218.82292 9240.27083
9240.29167 9260.86942
9260.87826 9261.75174
9261.76134 9278.67778
9278.69861 9301.94028
9301.96111 9323.68056
9323.70139 9344.85069
9344.87153 9345.33359
9345.36166 9358.22509
9358.25013 9370.54167
9370.5625 9372.57729
9372.60764 9373.71354
9373.7184 9382.45116
9382.45208 9387.01038
9387.03846 9387.30486
9387.32569 9390.66568
9390.69397 9390.75045
9390.99999 9391.80069
9392.9676 9392.96763
9392.97841 9394.30961
9394.33769 9397.31159
9397.32397 9398.43056
9398.45139 9402.63958
9402.66042 9407.63542
9407.65625 9418.46042
9418.48125 9419.76528
9419.83524 9421.31597
9421.33681 9428.87847
9428.89931 9434.21667
9434.2375 9441.80208
9441.82292 9446.77431
9446.90417 9449.88611
9449.90764 9451.53729
9451.58306 9452.25331
9452.37529 9456.82639
9456.84722 9459.33333
9459.45833 9460.52083
9460.54167 9467.69931
9467.70436 9470.94097
9470.96181 9477.94444
9477.96528 9485.42708
9485.44792 9499.78958
9499.81042 9511.39583
9511.41667 9514.65741
9514.68927 9530.58333
9530.60417 9547.59375
9547.61458 9548.78087
9548.8135 9562.84028
9562.86111 9570.02231
9570.05656 9575.9375
9575.95833 9580.30642
9580.33601 9593.53044
9593.56306 9596.30347
9596.32014 9596.37292
9596.38958 9596.44236
9596.45972 9596.51111
9596.52986 9596.59653
9596.61875 9596.66528
9596.68819 9596.73542
9596.75833 9596.80486
9596.82778 9601.62153
9601.64236 9603.25919
9603.26906 9603.28498
9603.29485 9615.67159
9615.69966 9618.94444
9618.96528 9626.95075
9626.98111 9634.1659
9634.19234 9637.69097
9637.71181 9643.65625
9643.68403 9644.09782
9644.11149 9647.12579
9647.14708 9653.08451
9653.10524 9657.65347
9658.87153 9661.28611
9661.30694 9672.73494
9672.73884 9672.80352
9672.80766 9672.83889
9672.85972 9688.94792
9688.96875 9699.34831
9699.37639 9702.32701
9702.35813 9713.1875
9713.20972 9729.5625
9729.58333 9730.23898
9730.27009 9734.18775
9734.22197 9743.21528
9743.23611 9743.79295
9743.85137 9743.92113
9743.92418 9746.73797
9746.76948 9754.875
9754.89583 9754.94236
9754.96319 9758.7919
9758.82451 9770.77222
9770.91924 9772.77431
9772.79653 9776.69516
9776.72329 9784.57292
9784.59722 9784.63542
9784.66042 9797.14583
9797.16667 9813.33958
9813.36042 9838.23194
9838.25278 9845.58264
9845.59444 9845.61117
9845.61497 9859.13542
9859.15625 9878.5597
9878.58591 9880.53819
9880.55903 9899.16336
9899.18609 9912.78958
9912.81042 9954.79861
9954.81944 9954.86458
9954.88542 9965.50833
9965.54028 9965.57292
9965.60486 9965.6375
9965.66944 9965.70208
9965.73403 9965.76736
9965.79931 9965.83194
9965.86389 9965.89653
9965.92847 9965.96111
9965.99306 9966.02639
9966.05833 9966.09097
9966.12292 9966.15556
9966.1875 9966.22014
9966.25208 9966.28472
9966.31667 9966.35
9966.38194 9966.41458
9966.44653 9966.47917
9966.51111 9966.52431
9966.58122 9967.60492
9968.85306 9972.2625
9972.28333 9995.69306
9995.71389 10020.3333
10020.3542 10051.7104
10051.7313 10170.7396
10170.7604 10178.8764
10179.0 10202.7174
10202.7382 10231.7549
10231.7757 10324.6931
10324.7139 10363.8819
10363.9028 10377.1806
10377.2014 10438.875
10438.8958 10456.4722
10456.4931 10505.3403
10505.3611 10903.6897
10905.7531 11157.7945
11162.6626 11197.6153
11198.6101 11568.6486
11570.6403 11582.6667
11583.6877 11692.9167
