 0.9999999776E-02   0.6164493876E-10
 0.1011579432E-01   0.6200819494E-10
 0.1023292969E-01   0.6249520513E-10
 0.1035142144E-01   0.6298607125E-10
 0.1047128525E-01   0.6345751076E-10
 0.1059253702E-01   0.6390990417E-10
 0.1071519281E-01   0.6434362599E-10
 0.1083926890E-01   0.6475961866E-10
 0.1096478172E-01   0.6515789957E-10
 0.1109174791E-01   0.6553857695E-10
 0.1122018429E-01   0.6607006354E-10
 0.1135010791E-01   0.6660853232E-10
 0.1148153596E-01   0.6712601627E-10
 0.1161448588E-01   0.6762292535E-10
 0.1174897529E-01   0.6809966316E-10
 0.1188502201E-01   0.6855679090E-10
 0.1202264408E-01   0.6899459969E-10
 0.1216185974E-01   0.6941340240E-10
 0.1230268744E-01   0.6992594101E-10
 0.1244514584E-01   0.7043619531E-10
 0.1258925384E-01   0.7092560549E-10
 0.1273503053E-01   0.7139458194E-10
 0.1288249524E-01   0.7184352855E-10
 0.1303166750E-01   0.7227363406E-10
 0.1318256710E-01   0.7268481395E-10
 0.1333521403E-01   0.7307711044E-10
 0.1348962853E-01   0.7361421347E-10
 0.1364583107E-01   0.7415639829E-10
 0.1380384235E-01   0.7467652466E-10
 0.1396368331E-01   0.7517502666E-10
 0.1412537514E-01   0.7565233146E-10
 0.1428893928E-01   0.7610930611E-10
 0.1445439739E-01   0.7654609517E-10
 0.1462177143E-01   0.7696291190E-10
 0.1479108356E-01   0.7752874097E-10
 0.1496235624E-01   0.7809935532E-10
 0.1513561216E-01   0.7864674747E-10
 0.1531087429E-01   0.7917137437E-10
 0.1548816586E-01   0.7967368568E-10
 0.1566751036E-01   0.8015454847E-10
 0.1584893158E-01   0.8061414254E-10
 0.1603245356E-01   0.8105271219E-10
 0.1621810063E-01   0.8159944586E-10
 0.1640589738E-01   0.8214429449E-10
 0.1659586872E-01   0.8266597739E-10
 0.1678803982E-01   0.8316495361E-10
 0.1698243616E-01   0.8364167497E-10
 0.1717908351E-01   0.8409719561E-10
 0.1737800792E-01   0.8453158598E-10
 0.1757923577E-01   0.8494501224E-10
 0.1778279372E-01   0.8549456793E-10
 0.1798870877E-01   0.8604626917E-10
 0.1819700820E-01   0.8657413742E-10
 0.1840771963E-01   0.8707864616E-10
 0.1862087097E-01   0.8756026120E-10
 0.1883649050E-01   0.8801975749E-10
 0.1905460678E-01   0.8845739514E-10
 0.1927524873E-01   0.8887348040E-10
 0.1949844559E-01   0.8942299106E-10
 0.1972422695E-01   0.8997378223E-10
 0.1995262273E-01   0.9050024650E-10
 0.2018366321E-01   0.9100286876E-10
 0.2041737902E-01   0.9148212612E-10
 0.2065380113E-01   0.9193903653E-10
 0.2089296087E-01   0.9237373171E-10
 0.2113488996E-01   0.9278642829E-10
 0.2137962045E-01   0.9331945728E-10
 0.2162718479E-01   0.9385154235E-10
 0.2187761578E-01   0.9435921822E-10
 0.2213094664E-01   0.9484297405E-10
 0.2238721092E-01   0.9530329111E-10
 0.2264644261E-01   0.9574108739E-10
 0.2290867605E-01   0.9615656125E-10
 0.2317394602E-01   0.9654997833E-10
 0.2344228767E-01   0.9705773937E-10
 0.2371373657E-01   0.9756366243E-10
 0.2398832869E-01   0.9804528541E-10
 0.2426610045E-01   0.9850309843E-10
 0.2454708865E-01   0.9893758377E-10
 0.2483133054E-01   0.9934964001E-10
 0.2511886380E-01   0.9973947841E-10
 0.2540972653E-01   0.1001073742E-09
 0.2570395730E-01   0.1006290416E-09
 0.2600159510E-01   0.1011545748E-09
 0.2630267938E-01   0.1016548911E-09
 0.2660725005E-01   0.1021304989E-09
 0.2691534749E-01   0.1025818986E-09
 0.2722701253E-01   0.1030101295E-09
 0.2754228647E-01   0.1034153465E-09
 0.2786121112E-01   0.1037977891E-09
 0.2818382874E-01   0.1042653423E-09
 0.2851018210E-01   0.1047263191E-09
 0.2884031445E-01   0.1051630804E-09
 0.2917426955E-01   0.1055761203E-09
 0.2951209167E-01   0.1059659248E-09
 0.2985382559E-01   0.1063333181E-09
 0.3019951659E-01   0.1066785622E-09
 0.3054921052E-01   0.1070019695E-09
 0.3090295370E-01   0.1074654773E-09
 0.3126079304E-01   0.1079310047E-09
 0.3162277597E-01   0.1083717931E-09
 0.3198895045E-01   0.1087883479E-09
 0.3235936504E-01   0.1091811665E-09
 0.3273406883E-01   0.1095511331E-09
 0.3311311149E-01   0.1098984907E-09
 0.3349654325E-01   0.1102235414E-09
 0.3388441494E-01   0.1106159976E-09
 0.3427677797E-01   0.1109997559E-09
 0.3467368435E-01   0.1113602344E-09
 0.3507518670E-01   0.1116979158E-09
 0.3548133822E-01   0.1120132750E-09
 0.3589219275E-01   0.1123072486E-09
 0.3630780476E-01   0.1125800136E-09
 0.3672822932E-01   0.1128318183E-09
 0.3715352217E-01   0.1132016960E-09
 0.3758373969E-01   0.1135711945E-09
 0.3801893888E-01   0.1139174008E-09
 0.3845917745E-01   0.1142407999E-09
 0.3890451373E-01   0.1145418688E-09
 0.3935500677E-01   0.1148214669E-09
 0.3981071627E-01   0.1150798204E-09
 0.4027170264E-01   0.1153172142E-09
 0.4073802698E-01   0.1156379955E-09
 0.4120975110E-01   0.1159534710E-09
 0.4168693753E-01   0.1162465718E-09
 0.4216964952E-01   0.1165177691E-09
 0.4265795105E-01   0.1167675259E-09
 0.4315190684E-01   0.1169965614E-09
 0.4365158237E-01   0.1172051647E-09
 0.4415704388E-01   0.1173936622E-09
 0.4466835835E-01   0.1176619665E-09
 0.4518559356E-01   0.1179251646E-09
 0.4570881807E-01   0.1181669196E-09
 0.4623810124E-01   0.1183876883E-09
 0.4677351322E-01   0.1185879194E-09
 0.4731512498E-01   0.1187684035E-09
 0.4786300831E-01   0.1189293645E-09
 0.4841723582E-01   0.1190710781E-09
 0.4897788099E-01   0.1192996115E-09
 0.4954501813E-01   0.1195247471E-09
 0.5011872240E-01   0.1197290967E-09
 0.5069906985E-01   0.1199131065E-09
 0.5128613742E-01   0.1200772156E-09
 0.5188000290E-01   0.1202222641E-09
 0.5248074502E-01   0.1203484307E-09
 0.5308844341E-01   0.1204559562E-09
 0.5370317861E-01   0.1206153595E-09
 0.5432503211E-01   0.1207669010E-09
 0.5495408634E-01   0.1208991687E-09
 0.5559042467E-01   0.1210125843E-09
 0.5623413145E-01   0.1211075618E-09
 0.5688529200E-01   0.1211846808E-09
 0.5754399264E-01   0.1212442381E-09
 0.5821032068E-01   0.1212865528E-09
 0.5888436442E-01   0.1214025044E-09
 0.5956621323E-01   0.1215148442E-09
 0.6025595747E-01   0.1216087046E-09
 0.6095368858E-01   0.1216844940E-09
 0.6165949903E-01   0.1217426141E-09
 0.6237348238E-01   0.1217837417E-09
 0.6309573326E-01   0.1218080950E-09
 0.6382634742E-01   0.1218159333E-09
 0.6456542169E-01   0.1218798836E-09
 0.6531305404E-01   0.1219383328E-09
 0.6606934357E-01   0.1219794738E-09
 0.6683439051E-01   0.1220036953E-09
 0.6760829628E-01   0.1220113793E-09
 0.6839116345E-01   0.1220032252E-09
 0.6918309581E-01   0.1219794075E-09
 0.6998419830E-01   0.1219401488E-09
 0.7079457713E-01   0.1219207741E-09
 0.7161433969E-01   0.1218916363E-09
 0.7244359467E-01   0.1218471901E-09
 0.7328245196E-01   0.1217877899E-09
 0.7413102276E-01   0.1217137842E-09
 0.7498941955E-01   0.1216255959E-09
 0.7585775611E-01   0.1215235124E-09
 0.7673614752E-01   0.1214078293E-09
 0.7762471024E-01   0.1213521188E-09
 0.7852356202E-01   0.1212938646E-09
 0.7943282202E-01   0.1212210431E-09
 0.8035261075E-01   0.1211339955E-09
 0.8128305013E-01   0.1210330570E-09
 0.8222426349E-01   0.1209188228E-09
 0.8317637559E-01   0.1207914572E-09
 0.8413951263E-01   0.1206511633E-09
 0.8511380227E-01   0.1205281190E-09
 0.8609937365E-01   0.1203970116E-09
 0.8709635741E-01   0.1202531129E-09
 0.8810488570E-01   0.1200967328E-09
 0.8912509220E-01   0.1199281762E-09
 0.9015711213E-01   0.1197478647E-09
 0.9120108229E-01   0.1195560186E-09
 0.9225714105E-01   0.1193528739E-09
 0.9332542840E-01   0.1191791579E-09
 0.9440608593E-01   0.1190004550E-09
 0.9549925689E-01   0.1188102271E-09
 0.9660508617E-01   0.1186087614E-09
 0.9772372034E-01   0.1183963402E-09
 0.9885530770E-01   0.1181734169E-09
 0.9999999821E-01   0.1179401580E-09
 0.1011579436E+00   0.1176967548E-09
 0.1023292974E+00   0.1174779613E-09
 0.1035142148E+00   0.1172544473E-09
 0.1047128529E+00   0.1170206571E-09
 0.1059253706E+00   0.1167768553E-09
 0.1071519286E+00   0.1165233019E-09
 0.1083926895E+00   0.1162603556E-09
 0.1096478177E+00   0.1159882048E-09
 0.1109174796E+00   0.1157070508E-09
 0.1122018434E+00   0.1154152647E-09
 0.1135010796E+00   0.1151146887E-09
 0.1148153601E+00   0.1148058710E-09
 0.1161448593E+00   0.1144890397E-09
 0.1174897534E+00   0.1141644188E-09
 0.1188502207E+00   0.1138323221E-09
 0.1202264414E+00   0.1134929090E-09
 0.1216185979E+00   0.1131463507E-09
 0.1230268749E+00   0.1128307420E-09
 0.1244514590E+00   0.1125137860E-09
 0.1258925390E+00   0.1121893020E-09
 0.1273503059E+00   0.1118575039E-09
 0.1288249529E+00   0.1115186016E-09
 0.1303166756E+00   0.1111728968E-09
 0.1318256716E+00   0.1108205345E-09
 0.1333521409E+00   0.1104616720E-09
 0.1348962859E+00   0.1100948311E-09
 0.1364583113E+00   0.1097216384E-09
 0.1380384241E+00   0.1093425637E-09
 0.1396368337E+00   0.1089577905E-09
 0.1412537520E+00   0.1085674989E-09
 0.1428893934E+00   0.1081718876E-09
 0.1445439746E+00   0.1077711167E-09
 0.1462177149E+00   0.1073653470E-09
 0.1479108363E+00   0.1069609394E-09
 0.1496235631E+00   0.1065527442E-09
 0.1513561223E+00   0.1061398789E-09
 0.1531087436E+00   0.1057225040E-09
 0.1548816593E+00   0.1053007768E-09
 0.1566751043E+00   0.1048748695E-09
 0.1584893166E+00   0.1044449228E-09
 0.1603245363E+00   0.1040110772E-09
 0.1621810070E+00   0.1035641644E-09
 0.1640589745E+00   0.1031123171E-09
 0.1659586879E+00   0.1026572442E-09
 0.1678803990E+00   0.1021990786E-09
 0.1698243624E+00   0.1017379508E-09
 0.1717908358E+00   0.1012740465E-09
 0.1737800800E+00   0.1008074562E-09
 0.1757923584E+00   0.1003382777E-09
 0.1778279380E+00   0.9986851537E-10
 0.1798870885E+00   0.9939667105E-10
 0.1819700828E+00   0.9892254315E-10
 0.1840771971E+00   0.9844624577E-10
 0.1862087106E+00   0.9796789070E-10
 0.1883649058E+00   0.9748762270E-10
 0.1905460686E+00   0.9700552788E-10
 0.1927524881E+00   0.9652169607E-10
 0.1949844567E+00   0.9601855588E-10
 0.1972422703E+00   0.9551137005E-10
 0.1995262282E+00   0.9500321422E-10
 0.2018366330E+00   0.9449417703E-10
 0.2041737911E+00   0.9398434523E-10
 0.2065380122E+00   0.9347370413E-10
 0.2089296096E+00   0.9296239651E-10
 0.2113489005E+00   0.9245054663E-10
 0.2137962054E+00   0.9193491873E-10
 0.2162718488E+00   0.9141843441E-10
 0.2187761588E+00   0.9090172803E-10
 0.2213094673E+00   0.9038487231E-10
 0.2238721102E+00   0.8986793836E-10
 0.2264644271E+00   0.8935103707E-10
 0.2290867615E+00   0.8883421156E-10
 0.2317394612E+00   0.8831751032E-10
 0.2344228777E+00   0.8778061418E-10
 0.2371373667E+00   0.8724107301E-10
 0.2398832880E+00   0.8670238197E-10
 0.2426610056E+00   0.8616459229E-10
 0.2454708876E+00   0.8562775390E-10
 0.2483133065E+00   0.8509189056E-10
 0.2511886391E+00   0.8455706467E-10
 0.2540972665E+00   0.8402333322E-10
 0.2570395742E+00   0.8348026243E-10
 0.2600159521E+00   0.8293688543E-10
 0.2630267950E+00   0.8239500988E-10
 0.2660725017E+00   0.8185467256E-10
 0.2691534761E+00   0.8131590924E-10
 0.2722701265E+00   0.8077868898E-10
 0.2754228660E+00   0.8024308498E-10
 0.2786121124E+00   0.7970915840E-10
 0.2818382887E+00   0.7915617548E-10
 0.2851018222E+00   0.7860198083E-10
 0.2884031457E+00   0.7805010183E-10
 0.2917426968E+00   0.7750055811E-10
 0.2951209180E+00   0.7695336847E-10
 0.2985382572E+00   0.7640853881E-10
 0.3019951673E+00   0.7586609389E-10
 0.3054921065E+00   0.7532605564E-10
 0.3090295384E+00   0.7477594271E-10
 0.3126079318E+00   0.7422649126E-10
 0.3162277611E+00   0.7367982085E-10
 0.3198895060E+00   0.7313593975E-10
 0.3235936519E+00   0.7259485572E-10
 0.3273406898E+00   0.7205649827E-10
 0.3311311163E+00   0.7152092074E-10
 0.3349654340E+00   0.7098816290E-10
 0.3388441509E+00   0.7043700553E-10
 0.3427677812E+00   0.6988566153E-10
 0.3467368451E+00   0.6933771044E-10
 0.3507518685E+00   0.6879314681E-10
 0.3548133838E+00   0.6825196485E-10
 0.3589219291E+00   0.6771411910E-10
 0.3630780492E+00   0.6717962684E-10
 0.3672822949E+00   0.6664849840E-10
 0.3715352234E+00   0.6610253659E-10
 0.3758373985E+00   0.6555733870E-10
 0.3801893905E+00   0.6501596094E-10
 0.3845917762E+00   0.6447838728E-10
 0.3890451391E+00   0.6394460157E-10
 0.3935500695E+00   0.6341449506E-10
 0.3981071645E+00   0.6288810681E-10
 0.4027170282E+00   0.6236546024E-10
 0.4073802716E+00   0.6182389959E-10
 0.4120975129E+00   0.6128282907E-10
 0.4168693772E+00   0.6074604482E-10
 0.4216964971E+00   0.6021351960E-10
 0.4265795124E+00   0.5968522619E-10
 0.4315190703E+00   0.5916114398E-10
 0.4365158257E+00   0.5864124207E-10
 0.4415704407E+00   0.5812549066E-10
 0.4466835855E+00   0.5760531052E-10
 0.4518559376E+00   0.5708801149E-10
 0.4570881828E+00   0.5657500728E-10
 0.4623810145E+00   0.5606626734E-10
 0.4677351343E+00   0.5556176123E-10
 0.4731512519E+00   0.5506136930E-10
 0.4786300852E+00   0.5456511509E-10
 0.4841723604E+00   0.5407300723E-10
 0.4897788121E+00   0.5355427035E-10
 0.4954501835E+00   0.5303524975E-10
 0.5011872262E+00   0.5252109421E-10
 0.5069907008E+00   0.5201176033E-10
 0.5128613764E+00   0.5150720508E-10
 0.5188000313E+00   0.5100730993E-10
 0.5248074526E+00   0.5051207815E-10
 0.5308844365E+00   0.5002150056E-10
 0.5370317885E+00   0.4952218799E-10
 0.5432503236E+00   0.4902554929E-10
 0.5495408658E+00   0.4853379155E-10
 0.5559042492E+00   0.4804686810E-10
 0.5623413170E+00   0.4756473265E-10
 0.5688529226E+00   0.4708727875E-10
 0.5754399290E+00   0.4661449746E-10
 0.5821032094E+00   0.4614637004E-10
 0.5888436469E+00   0.4566580003E-10
 0.5956621349E+00   0.4518737119E-10
 0.6025595774E+00   0.4471391174E-10
 0.6095368885E+00   0.4424537058E-10
 0.6165949930E+00   0.4378169713E-10
 0.6237348265E+00   0.4332280447E-10
 0.6309573355E+00   0.4286866523E-10
 0.6382634771E+00   0.4241924630E-10
 0.6456542198E+00   0.4195102278E-10
 0.6531305433E+00   0.4148408581E-10
 0.6606934386E+00   0.4102234189E-10
 0.6683439081E+00   0.4056573331E-10
 0.6760829658E+00   0.4011420295E-10
 0.6839116376E+00   0.3966763401E-10
 0.6918309611E+00   0.3922600697E-10
 0.6998419861E+00   0.3878929273E-10
 0.7079457744E+00   0.3834379267E-10
 0.7161434001E+00   0.3790115734E-10
 0.7244359499E+00   0.3746363136E-10
 0.7328245229E+00   0.3703115574E-10
 0.7413102309E+00   0.3660367217E-10
 0.7498941989E+00   0.3618107342E-10
 0.7585775644E+00   0.3576333236E-10
 0.7673614787E+00   0.3535041393E-10
 0.7762471058E+00   0.3491826770E-10
 0.7852356237E+00   0.3448742269E-10
 0.7943282237E+00   0.3406186597E-10
 0.8035261111E+00   0.3364153288E-10
 0.8128305049E+00   0.3322635957E-10
 0.8222426386E+00   0.3281623210E-10
 0.8317637597E+00   0.3241111878E-10
 0.8413951301E+00   0.3201098008E-10
 0.8511380265E+00   0.3159695209E-10
 0.8609937404E+00   0.3118510501E-10
 0.8709635780E+00   0.3077854647E-10
 0.8810488610E+00   0.3037720935E-10
 0.8912509260E+00   0.2998102735E-10
 0.9015711253E+00   0.2958988502E-10
 0.9120108270E+00   0.2920374778E-10
 0.9225714146E+00   0.2882257349E-10
 0.9332542882E+00   0.2842804976E-10
 0.9440608635E+00   0.2803576959E-10
 0.9549925731E+00   0.2764874522E-10
 0.9660508660E+00   0.2726690772E-10
 0.9772372078E+00   0.2689018902E-10
 0.9885530814E+00   0.2651849955E-10
 0.9999999866E+00   0.2615178650E-10
 0.1011579441E+01   0.2578999415E-10
 0.1023292979E+01   0.2541993051E-10
 0.1035142153E+01   0.2505279316E-10
 0.1047128534E+01   0.2469073015E-10
 0.1059253711E+01   0.2433367340E-10
 0.1071519291E+01   0.2398155573E-10
 0.1083926900E+01   0.2363425399E-10
 0.1096478182E+01   0.2329173690E-10
 0.1109174801E+01   0.2295396451E-10
 0.1122018440E+01   0.2261593763E-10
 0.1135010801E+01   0.2228182722E-10
 0.1148153606E+01   0.2195240246E-10
 0.1161448599E+01   0.2162759983E-10
 0.1174897540E+01   0.2130735670E-10
 0.1188502212E+01   0.2099158304E-10
 0.1202264419E+01   0.2068023477E-10
 0.1216185985E+01   0.2037326389E-10
 0.1230268755E+01   0.2006814958E-10
 0.1244514596E+01   0.1976694471E-10
 0.1258925395E+01   0.1947000599E-10
 0.1273503065E+01   0.1917727520E-10
 0.1288249535E+01   0.1888869493E-10
 0.1303166762E+01   0.1860417648E-10
 0.1318256722E+01   0.1832368316E-10
 0.1333521415E+01   0.1804717366E-10
 0.1348962865E+01   0.1777381335E-10
 0.1364583119E+01   0.1750421779E-10
 0.1380384247E+01   0.1723846492E-10
 0.1396368343E+01   0.1697650286E-10
 0.1412537527E+01   0.1671827930E-10
 0.1428893940E+01   0.1646372712E-10
 0.1445439752E+01   0.1621280528E-10
 0.1462177156E+01   0.1596547072E-10
 0.1479108369E+01   0.1571698325E-10
 0.1496235637E+01   0.1547131841E-10
 0.1513561229E+01   0.1522921835E-10
 0.1531087442E+01   0.1499063366E-10
 0.1548816599E+01   0.1475551558E-10
 0.1566751050E+01   0.1452378010E-10
 0.1584893173E+01   0.1429540133E-10
 0.1603245371E+01   0.1407034795E-10
 0.1621810077E+01   0.1384543967E-10
 0.1640589753E+01   0.1362331948E-10
 0.1659586887E+01   0.1340447098E-10
 0.1678803997E+01   0.1318884702E-10
 0.1698243631E+01   0.1297640301E-10
 0.1717908366E+01   0.1276708290E-10
 0.1737800807E+01   0.1256084971E-10
 0.1757923592E+01   0.1235766509E-10
 0.1778279388E+01   0.1215300922E-10
 0.1798870893E+01   0.1195068056E-10
 0.1819700836E+01   0.1175139152E-10
 0.1840771979E+01   0.1155509904E-10
 0.1862087114E+01   0.1136176063E-10
 0.1883649067E+01   0.1117132162E-10
 0.1905460695E+01   0.1098374835E-10
 0.1927524890E+01   0.1079900555E-10
 0.1949844576E+01   0.1061400219E-10
 0.1972422712E+01   0.1043131574E-10
 0.1995262291E+01   0.1025142089E-10
 0.2018366339E+01   0.1007427771E-10
 0.2041737920E+01   0.9899846736E-11
 0.2065380131E+01   0.9728066839E-11
 0.2089296106E+01   0.9558913033E-11
 0.2113489015E+01   0.9392357119E-11
 0.2137962064E+01   0.9226336465E-11
 0.2162718498E+01   0.9062551356E-11
 0.2187761598E+01   0.8901306950E-11
 0.2213094683E+01   0.8742566552E-11
 0.2238721112E+01   0.8586293962E-11
 0.2264644281E+01   0.8432452747E-11
 0.2290867626E+01   0.8281008154E-11
 0.2317394623E+01   0.8131925788E-11
 0.2344228788E+01   0.7983064017E-11
 0.2371373678E+01   0.7836196909E-11
 0.2398832891E+01   0.7691646108E-11
 0.2426610067E+01   0.7549377833E-11
 0.2454708887E+01   0.7409358767E-11
 0.2483133076E+01   0.7271546050E-11
 0.2511886402E+01   0.7135913298E-11
 0.2540972676E+01   0.7002432896E-11
 0.2570395753E+01   0.6870095426E-11
 0.2600159533E+01   0.6739708727E-11
 0.2630267962E+01   0.6611406885E-11
 0.2660725029E+01   0.6485159242E-11
 0.2691534773E+01   0.6360935578E-11
 0.2722701277E+01   0.6238705789E-11
 0.2754228672E+01   0.6118440688E-11
 0.2786121137E+01   0.6000111446E-11
 0.2818382899E+01   0.5883502987E-11
 0.2851018235E+01   0.5768747151E-11
 0.2884031470E+01   0.5655847598E-11
 0.2917426981E+01   0.5544776853E-11
 0.2951209193E+01   0.5435507839E-11
 0.2985382585E+01   0.5328011112E-11
 0.3019951686E+01   0.5222262007E-11
 0.3054921079E+01   0.5118235766E-11
 0.3090295398E+01   0.5015908546E-11
 0.3126079332E+01   0.4915253623E-11
 0.3162277625E+01   0.4816245829E-11
 0.3198895074E+01   0.4718860646E-11
 0.3235936533E+01   0.4623073898E-11
 0.3273406912E+01   0.4528857071E-11
 0.3311311178E+01   0.4436189479E-11
 0.3349654355E+01   0.4345049979E-11
 0.3388441524E+01   0.4255388681E-11
 0.3427677828E+01   0.4167206269E-11
 0.3467368466E+01   0.4080485095E-11
 0.3507518701E+01   0.3995203263E-11
 0.3548133853E+01   0.3911339183E-11
 0.3589219307E+01   0.3828868948E-11
 0.3630780508E+01   0.3747773152E-11
 0.3672822965E+01   0.3668032251E-11
 0.3715352251E+01   0.3590321580E-11
 0.3758374002E+01   0.3514024200E-11
 0.3801893922E+01   0.3439003109E-11
 0.3845917779E+01   0.3365239084E-11
 0.3890451408E+01   0.3292713179E-11
 0.3935500712E+01   0.3221404856E-11
 0.3981071663E+01   0.3151296817E-11
 0.4027170300E+01   0.3082371714E-11
 0.4073802735E+01   0.3015220641E-11
 0.4120975147E+01   0.2949303533E-11
 0.4168693790E+01   0.2884500428E-11
 0.4216964990E+01   0.2820794461E-11
 0.4265795143E+01   0.2758169007E-11
 0.4315190723E+01   0.2696608159E-11
 0.4365158276E+01   0.2636095471E-11
 0.4415704427E+01   0.2576614809E-11
 0.4466835875E+01   0.2518610512E-11
 0.4518559396E+01   0.2461672462E-11
 0.4570881848E+01   0.2405707922E-11
 0.4623810166E+01   0.2350702066E-11
 0.4677351364E+01   0.2296640281E-11
 0.4731512540E+01   0.2243510195E-11
 0.4786300874E+01   0.2191296388E-11
 0.4841723626E+01   0.2139983983E-11
 0.4897788143E+01   0.2090783979E-11
 0.4954501857E+01   0.2042632086E-11
 0.5011872285E+01   0.1995308614E-11
 0.5069907031E+01   0.1948800906E-11
 0.5128613787E+01   0.1903096491E-11
 0.5188000336E+01   0.1858180333E-11
 0.5248074549E+01   0.1814041955E-11
 0.5308844388E+01   0.1770670593E-11
 0.5370317909E+01   0.1728581851E-11
 0.5432503260E+01   0.1687311706E-11
 0.5495408683E+01   0.1646759893E-11
 0.5559042517E+01   0.1606915375E-11
 0.5623413195E+01   0.1567767275E-11
 0.5688529251E+01   0.1529307791E-11
 0.5754399316E+01   0.1491524601E-11
 0.5821032120E+01   0.1454406024E-11
 0.5888436495E+01   0.1418911285E-11
 0.5956621376E+01   0.1384198589E-11
 0.6025595801E+01   0.1350094677E-11
 0.6095368912E+01   0.1316590160E-11
 0.6165949958E+01   0.1283675786E-11
 0.6237348293E+01   0.1251342998E-11
 0.6309573383E+01   0.1219582467E-11
 0.6382634799E+01   0.1188385091E-11
 0.6456542227E+01   0.1158845784E-11
 0.6531305463E+01   0.1130009175E-11
 0.6606934416E+01   0.1101680900E-11
 0.6683439111E+01   0.1073853101E-11
 0.6760829688E+01   0.1046518033E-11
 0.6839116407E+01   0.1019670358E-11
 0.6918309642E+01   0.9933011735E-12
 0.6998419893E+01   0.9674020709E-12
 0.7079457776E+01   0.9426048563E-12
 0.7161434033E+01   0.9183540645E-12
 0.7244359531E+01   0.8945349553E-12
 0.7328245261E+01   0.8711408244E-12
 0.7413102342E+01   0.8481650645E-12
 0.7498942022E+01   0.8256018135E-12
 0.7585775678E+01   0.8034442607E-12
 0.7673614821E+01   0.7816857989E-12
 0.7762471093E+01   0.7611042653E-12
 0.7852356272E+01   0.7410209006E-12
 0.7943282273E+01   0.7212975925E-12
 0.8035261147E+01   0.7019287297E-12
 0.8128305086E+01   0.6829087835E-12
 0.8222426423E+01   0.6642341946E-12
 0.8317637634E+01   0.6458984556E-12
 0.8413951338E+01   0.6278954559E-12
 0.8511380303E+01   0.6111206601E-12
 0.8609937442E+01   0.5947962791E-12
 0.8709635819E+01   0.5787655496E-12
 0.8810488649E+01   0.5630238885E-12
 0.8912509300E+01   0.5475667794E-12
 0.9015711294E+01   0.5323918887E-12
 0.9120108310E+01   0.5174935570E-12
 0.9225714188E+01   0.5028665448E-12
 0.9332542923E+01   0.4891828375E-12
 0.9440608677E+01   0.4758581198E-12
 0.9549925774E+01   0.4627743580E-12
 0.9660508703E+01   0.4499277827E-12
 0.9772372122E+01   0.4373146784E-12
 0.9885530858E+01   0.4249333956E-12
 0.9999999911E+01   0.4127791168E-12
 0.1011579445E+02   0.4008474161E-12
 0.1023292983E+02   0.3897140196E-12
 0.1035142157E+02   0.3788785825E-12
 0.1047128539E+02   0.3682401454E-12
 0.1059253716E+02   0.3577956185E-12
 0.1071519296E+02   0.3475419569E-12
 0.1083926904E+02   0.3374774807E-12
 0.1096478187E+02   0.3275984386E-12
 0.1109174806E+02   0.3179013453E-12
 0.1122018445E+02   0.3089357801E-12
 0.1135010806E+02   0.3002249933E-12
 0.1148153612E+02   0.2916731499E-12
 0.1161448604E+02   0.2832777533E-12
 0.1174897545E+02   0.2750363424E-12
 0.1188502217E+02   0.2669480778E-12
 0.1202264424E+02   0.2590096168E-12
 0.1216185990E+02   0.2512179188E-12
 0.1230268760E+02   0.2440369246E-12
 0.1244514601E+02   0.2370643659E-12
 0.1258925401E+02   0.2302194598E-12
 0.1273503070E+02   0.2235001979E-12
 0.1288249541E+02   0.2169046008E-12
 0.1303166767E+02   0.2104326587E-12
 0.1318256727E+02   0.2040812837E-12
 0.1333521421E+02   0.1978477425E-12
 0.1348962871E+02   0.1921558015E-12
 0.1364583125E+02   0.1866384935E-12
 0.1380384253E+02   0.1812223195E-12
 0.1396368349E+02   0.1759056878E-12
 0.1412537533E+02   0.1706870292E-12
 0.1428893947E+02   0.1655652843E-12
 0.1445439759E+02   0.1605386367E-12
 0.1462177162E+02   0.1556053745E-12
 0.1479108376E+02   0.1510863018E-12
 0.1496235644E+02   0.1467034891E-12
 0.1513561236E+02   0.1424012189E-12
 0.1531087449E+02   0.1381782216E-12
 0.1548816606E+02   0.1340332467E-12
 0.1566751057E+02   0.1299670323E-12
 0.1584893180E+02   0.1259771802E-12
 0.1603245378E+02   0.1220616417E-12
 0.1621810084E+02   0.1184998294E-12
 0.1640589760E+02   0.1150498761E-12
 0.1659586894E+02   0.1116633784E-12
 0.1678804005E+02   0.1083393355E-12
 0.1698243639E+02   0.1050767617E-12
 0.1717908374E+02   0.1018757519E-12
 0.1737800815E+02   0.9873470851E-13
 0.1757923600E+02   0.9565222717E-13
 0.1778279396E+02   0.9288671827E-13
 0.1798870901E+02   0.9021479097E-13
 0.1819700844E+02   0.8759186338E-13
 0.1840771987E+02   0.8501716381E-13
 0.1862087122E+02   0.8248993227E-13
 0.1883649075E+02   0.8001024989E-13
 0.1905460703E+02   0.7757687960E-13
 0.1927524898E+02   0.7518873500E-13
 0.1949844585E+02   0.7304231826E-13
 0.1972422721E+02   0.7096773853E-13
 0.1995262300E+02   0.6893108319E-13
 0.2018366348E+02   0.6693175584E-13
 0.2041737929E+02   0.6496916911E-13
 0.2065380140E+02   0.6304374635E-13
 0.2089296115E+02   0.6115431501E-13
 0.2113489024E+02   0.5929987951E-13
 0.2137962074E+02   0.5762344459E-13
 0.2162718508E+02   0.5600131275E-13
 0.2187761608E+02   0.5440876738E-13
 0.2213094693E+02   0.5284534360E-13
 0.2238721122E+02   0.5131058376E-13
 0.2264644291E+02   0.4980489698E-13
 0.2290867636E+02   0.4832732180E-13
 0.2317394633E+02   0.4687704826E-13
 0.2344228798E+02   0.4557755252E-13
 0.2371373688E+02   0.4432211491E-13
 0.2398832902E+02   0.4308944721E-13
 0.2426610078E+02   0.4187919240E-13
 0.2454708898E+02   0.4069099922E-13
 0.2483133087E+02   0.3952512286E-13
 0.2511886414E+02   0.3838086048E-13
 0.2540972687E+02   0.3725761575E-13
 0.2570395764E+02   0.3624358849E-13
 0.2600159545E+02   0.3526250563E-13
 0.2630267973E+02   0.3429913455E-13
 0.2660725041E+02   0.3335319829E-13
 0.2691534785E+02   0.3242442422E-13
 0.2722701289E+02   0.3151302632E-13
 0.2754228684E+02   0.3061844953E-13
 0.2786121149E+02   0.2974022384E-13
 0.2818382912E+02   0.2894850657E-13
 0.2851018248E+02   0.2818263919E-13
 0.2884031483E+02   0.2743051236E-13
 0.2917426994E+02   0.2669191181E-13
 0.2951209206E+02   0.2596662657E-13
 0.2985382599E+02   0.2525501324E-13
 0.3019951700E+02   0.2455652780E-13
 0.3054921093E+02   0.2387072421E-13
 0.3090295412E+02   0.2324808502E-13
 0.3126079346E+02   0.2264493728E-13
 0.3162277639E+02   0.2205255172E-13
 0.3198895088E+02   0.2147076094E-13
 0.3235936548E+02   0.2089940026E-13
 0.3273406927E+02   0.2033878663E-13
 0.3311311193E+02   0.1978847190E-13
 0.3349654369E+02   0.1924809103E-13
 0.3388441539E+02   0.1876353044E-13
 0.3427677843E+02   0.1829514011E-13
 0.3467368482E+02   0.1783501447E-13
 0.3507518717E+02   0.1738302563E-13
 0.3548133869E+02   0.1693904773E-13
 0.3589219323E+02   0.1650327501E-13
 0.3630780524E+02   0.1607539391E-13
 0.3672822981E+02   0.1565514620E-13
 0.3715352267E+02   0.1526583436E-13
 0.3758374019E+02   0.1488724960E-13
 0.3801893939E+02   0.1451533189E-13
 0.3845917796E+02   0.1414997811E-13
 0.3890451425E+02   0.1379108685E-13
 0.3935500730E+02   0.1343880570E-13
 0.3981071681E+02   0.1309288729E-13
 0.4027170318E+02   0.1275312737E-13
 0.4073802753E+02   0.1243952288E-13
 0.4120975165E+02   0.1213474312E-13
 0.4168693809E+02   0.1183531100E-13
 0.4216965008E+02   0.1154114404E-13
 0.4265795162E+02   0.1125216102E-13
 0.4315190742E+02   0.1096857601E-13
 0.4365158296E+02   0.1069013338E-13
 0.4415704447E+02   0.1041662813E-13
 0.4466835895E+02   0.1015780284E-13
 0.4518559417E+02   0.9905158709E-14
 0.4570881869E+02   0.9656967614E-14
 0.4623810186E+02   0.9413160711E-14
 0.4677351385E+02   0.9173670209E-14
 0.4731512562E+02   0.8938601672E-14
 0.4786300895E+02   0.8707785649E-14
 0.4841723647E+02   0.8481082651E-14
 0.4897788165E+02   0.8270959080E-14
 0.4954501879E+02   0.8066602790E-14
 0.5011872307E+02   0.7865841263E-14
 0.5069907053E+02   0.7668618958E-14
 0.5128613810E+02   0.7474881246E-14
 0.5188000359E+02   0.7284749981E-14
 0.5248074572E+02   0.7098066433E-14
 0.5308844412E+02   0.6914702255E-14
 0.5370317933E+02   0.6739728264E-14
 0.5432503284E+02   0.6568699463E-14
 0.5495408708E+02   0.6400703064E-14
 0.5559042542E+02   0.6235692040E-14
 0.5623413220E+02   0.6073620105E-14
 0.5688529277E+02   0.5914592887E-14
 0.5754399341E+02   0.5758474531E-14
 0.5821032146E+02   0.5605155347E-14
 0.5888436521E+02   0.5455833181E-14
 0.5956621403E+02   0.5309400018E-14
 0.6025595828E+02   0.5165604394E-14
 0.6095368939E+02   0.5024405109E-14
 0.6165949985E+02   0.4885761597E-14
 0.6237348321E+02   0.4749702425E-14
 0.6309573411E+02   0.4616146981E-14
 0.6382634828E+02   0.4485026789E-14
 0.6456542256E+02   0.4358211376E-14
 0.6531305492E+02   0.4234026439E-14
 0.6606934445E+02   0.4112113516E-14
 0.6683439141E+02   0.3992436858E-14
 0.6760829719E+02   0.3874961279E-14
 0.6839116437E+02   0.3759744130E-14
 0.6918309673E+02   0.3646695934E-14
 0.6998419924E+02   0.3535743199E-14
 0.7079457807E+02   0.3431337433E-14
 0.7161434065E+02   0.3329598779E-14
 0.7244359564E+02   0.3229739703E-14
 0.7328245294E+02   0.3131730502E-14
 0.7413102376E+02   0.3035541928E-14
 0.7498942056E+02   0.2941213168E-14
 0.7585775712E+02   0.2848674970E-14
 0.7673614855E+02   0.2757869936E-14
 0.7762471128E+02   0.2670185613E-14
 0.7852356307E+02   0.2584380909E-14
 0.7943282308E+02   0.2500190731E-14
 0.8035261183E+02   0.2417589352E-14
 0.8128305122E+02   0.2336551448E-14
 0.8222426460E+02   0.2257084303E-14
 0.8317637671E+02   0.2179143943E-14
 0.8413951376E+02   0.2102692186E-14
 0.8511380341E+02   0.2028954506E-14
 0.8609937481E+02   0.1956835637E-14
 0.8709635858E+02   0.1886101992E-14
 0.8810488689E+02   0.1816731307E-14
 0.8912509340E+02   0.1748701657E-14
 0.9015711334E+02   0.1682020770E-14
 0.9120108351E+02   0.1616649737E-14
 0.9225714229E+02   0.1552554899E-14
 0.9332542965E+02   0.1493590762E-14
 0.9440608720E+02   0.1436412668E-14
 0.9549925817E+02   0.1380347892E-14
 0.9660508746E+02   0.1325378439E-14
 0.9772372165E+02   0.1271486592E-14
 0.9885530902E+02   0.1218678964E-14
 0.9999999955E+02   0.1166923886E-14
 0.1011579450E+03   0.1116193994E-14
 0.1023292988E+03   0.1068806707E-14
 0.1035142162E+03   0.1022743267E-14
 0.1047128543E+03   0.9775943480E-15
 0.1059253721E+03   0.9333450487E-15
 0.1071519301E+03   0.8899806936E-15
 0.1083926909E+03   0.8475054034E-15
 0.1096478191E+03   0.8058937779E-15
 0.1109174811E+03   0.7651237515E-15
 0.1122018450E+03   0.7284162550E-15
 0.1135010811E+03   0.6929827462E-15
 0.1148153617E+03   0.6582650012E-15
 0.1161448609E+03   0.6242512754E-15
 0.1174897550E+03   0.5909300049E-15
 0.1188502223E+03   0.5583011973E-15
 0.1202264430E+03   0.5263467780E-15
 0.1216185996E+03   0.4950507639E-15
 0.1230268766E+03   0.4684398517E-15
 0.1244514607E+03   0.4430396662E-15
 0.1258925407E+03   0.4181596079E-15
 0.1273503076E+03   0.3937910973E-15
 0.1288249547E+03   0.3699256846E-15
 0.1303166773E+03   0.3465599159E-15
 0.1318256733E+03   0.3236826669E-15
 0.1333521427E+03   0.3012837558E-15
 0.1348962877E+03   0.2832609941E-15
 0.1364583131E+03   0.2662559777E-15
 0.1380384259E+03   0.2496031551E-15
 0.1396368356E+03   0.2332966915E-15
 0.1412537539E+03   0.2173308396E-15
 0.1428893953E+03   0.2017044856E-15
 0.1445439765E+03   0.1864093243E-15
 0.1462177169E+03   0.1714378981E-15
 0.1479108383E+03   0.1603985452E-15
 0.1496235651E+03   0.1501858794E-15
 0.1513561243E+03   0.1401860033E-15
 0.1531087456E+03   0.1303953835E-15
 0.1548816613E+03   0.1208105417E-15
 0.1566751064E+03   0.1114298132E-15
 0.1584893187E+03   0.1022487612E-15
 0.1603245385E+03   0.9326329787E-16
 0.1621810092E+03   0.8737121247E-16
 0.1640589767E+03   0.8208059469E-16
 0.1659586902E+03   0.7689965098E-16
 0.1678804012E+03   0.7182656365E-16
 0.1698243647E+03   0.6685954368E-16
 0.1717908381E+03   0.6199967818E-16
 0.1737800823E+03   0.5724351968E-16
 0.1757923608E+03   0.5258812384E-16
 0.1778279404E+03   0.5141625419E-16
 0.1798870909E+03   0.5082289668E-16
 0.1819700853E+03   0.5023638622E-16
 0.1840771995E+03   0.4965664382E-16
 0.1862087131E+03   0.0000000000E+00
 0.1883649083E+03   0.0000000000E+00
 0.1905460712E+03   0.0000000000E+00
 0.1927524907E+03   0.0000000000E+00
 0.1949844594E+03   0.0000000000E+00
 0.1972422730E+03   0.0000000000E+00
 0.1995262309E+03   0.0000000000E+00
 0.2018366357E+03   0.0000000000E+00
 0.2041737938E+03   0.0000000000E+00
 0.2065380149E+03   0.0000000000E+00
 0.2089296125E+03   0.0000000000E+00
 0.2113489033E+03   0.0000000000E+00
 0.2137962083E+03   0.0000000000E+00
 0.2162718517E+03   0.0000000000E+00
 0.2187761617E+03   0.0000000000E+00
 0.2213094703E+03   0.0000000000E+00
 0.2238721132E+03   0.0000000000E+00
 0.2264644301E+03   0.0000000000E+00
 0.2290867646E+03   0.0000000000E+00
 0.2317394643E+03   0.0000000000E+00
 0.2344228809E+03   0.0000000000E+00
 0.2371373699E+03   0.0000000000E+00
 0.2398832912E+03   0.0000000000E+00
 0.2426610088E+03   0.0000000000E+00
 0.2454708909E+03   0.0000000000E+00
 0.2483133099E+03   0.0000000000E+00
 0.2511886425E+03   0.0000000000E+00
 0.2540972699E+03   0.0000000000E+00
 0.2570395776E+03   0.0000000000E+00
 0.2600159556E+03   0.0000000000E+00
 0.2630267985E+03   0.0000000000E+00
 0.2660725053E+03   0.0000000000E+00
 0.2691534797E+03   0.0000000000E+00
 0.2722701301E+03   0.0000000000E+00
 0.2754228696E+03   0.0000000000E+00
 0.2786121162E+03   0.0000000000E+00
 0.2818382924E+03   0.0000000000E+00
 0.2851018261E+03   0.0000000000E+00
 0.2884031496E+03   0.0000000000E+00
 0.2917427007E+03   0.0000000000E+00
 0.2951209220E+03   0.0000000000E+00
 0.2985382612E+03   0.0000000000E+00
 0.3019951713E+03   0.0000000000E+00
 0.3054921106E+03   0.0000000000E+00
 0.3090295425E+03   0.0000000000E+00
 0.3126079360E+03   0.0000000000E+00
 0.3162277653E+03   0.0000000000E+00
 0.3198895103E+03   0.0000000000E+00
 0.3235936562E+03   0.0000000000E+00
 0.3273406942E+03   0.0000000000E+00
 0.3311311208E+03   0.0000000000E+00
 0.3349654384E+03   0.0000000000E+00
 0.3388441554E+03   0.0000000000E+00
 0.3427677858E+03   0.0000000000E+00
 0.3467368497E+03   0.0000000000E+00
 0.3507518732E+03   0.0000000000E+00
 0.3548133885E+03   0.0000000000E+00
 0.3589219339E+03   0.0000000000E+00
 0.3630780541E+03   0.0000000000E+00
 0.3672822998E+03   0.0000000000E+00
 0.3715352284E+03   0.0000000000E+00
 0.3758374036E+03   0.0000000000E+00
 0.3801893956E+03   0.0000000000E+00
 0.3845917813E+03   0.0000000000E+00
 0.3890451443E+03   0.0000000000E+00
 0.3935500747E+03   0.0000000000E+00
 0.3981071698E+03   0.0000000000E+00
 0.4027170336E+03   0.0000000000E+00
 0.4073802771E+03   0.0000000000E+00
 0.4120975184E+03   0.0000000000E+00
 0.4168693828E+03   0.0000000000E+00
 0.4216965027E+03   0.0000000000E+00
 0.4265795181E+03   0.0000000000E+00
 0.4315190761E+03   0.0000000000E+00
 0.4365158315E+03   0.0000000000E+00
 0.4415704467E+03   0.0000000000E+00
 0.4466835915E+03   0.0000000000E+00
 0.4518559437E+03   0.0000000000E+00
 0.4570881889E+03   0.0000000000E+00
 0.4623810207E+03   0.0000000000E+00
 0.4677351406E+03   0.0000000000E+00
 0.4731512583E+03   0.0000000000E+00
 0.4786300916E+03   0.0000000000E+00
 0.4841723669E+03   0.0000000000E+00
 0.4897788187E+03   0.0000000000E+00
 0.4954501901E+03   0.0000000000E+00
 0.5011872330E+03   0.0000000000E+00
 0.5069907076E+03   0.0000000000E+00
 0.5128613833E+03   0.0000000000E+00
 0.5188000383E+03   0.0000000000E+00
 0.5248074596E+03   0.0000000000E+00
 0.5308844436E+03   0.0000000000E+00
 0.5370317957E+03   0.0000000000E+00
 0.5432503308E+03   0.0000000000E+00
 0.5495408732E+03   0.0000000000E+00
 0.5559042566E+03   0.0000000000E+00
 0.5623413246E+03   0.0000000000E+00
 0.5688529302E+03   0.0000000000E+00
 0.5754399367E+03   0.0000000000E+00
 0.5821032172E+03   0.0000000000E+00
 0.5888436548E+03   0.0000000000E+00
 0.5956621429E+03   0.0000000000E+00
 0.6025595855E+03   0.0000000000E+00
 0.6095368967E+03   0.0000000000E+00
 0.6165950013E+03   0.0000000000E+00
 0.6237348349E+03   0.0000000000E+00
 0.6309573439E+03   0.0000000000E+00
 0.6382634856E+03   0.0000000000E+00
 0.6456542285E+03   0.0000000000E+00
 0.6531305521E+03   0.0000000000E+00
 0.6606934475E+03   0.0000000000E+00
 0.6683439170E+03   0.0000000000E+00
 0.6760829749E+03   0.0000000000E+00
 0.6839116468E+03   0.0000000000E+00
 0.6918309704E+03   0.0000000000E+00
 0.6998419955E+03   0.0000000000E+00
 0.7079457839E+03   0.0000000000E+00
 0.7161434097E+03   0.0000000000E+00
 0.7244359596E+03   0.0000000000E+00
 0.7328245327E+03   0.0000000000E+00
 0.7413102409E+03   0.0000000000E+00
 0.7498942089E+03   0.0000000000E+00
 0.7585775746E+03   0.0000000000E+00
 0.7673614890E+03   0.0000000000E+00
 0.7762471162E+03   0.0000000000E+00
 0.7852356342E+03   0.0000000000E+00
 0.7943282344E+03   0.0000000000E+00
 0.8035261218E+03   0.0000000000E+00
 0.8128305158E+03   0.0000000000E+00
 0.8222426496E+03   0.0000000000E+00
 0.8317637708E+03   0.0000000000E+00
 0.8413951414E+03   0.0000000000E+00
 0.8511380379E+03   0.0000000000E+00
 0.8609937519E+03   0.0000000000E+00
 0.8709635897E+03   0.0000000000E+00
 0.8810488728E+03   0.0000000000E+00
 0.8912509379E+03   0.0000000000E+00
 0.9015711374E+03   0.0000000000E+00
 0.9120108392E+03   0.0000000000E+00
 0.9225714270E+03   0.0000000000E+00
 0.9332543007E+03   0.0000000000E+00
 0.9440608762E+03   0.0000000000E+00
 0.9549925859E+03   0.0000000000E+00
 0.9660508789E+03   0.0000000000E+00
 0.9772372209E+03   0.0000000000E+00
 0.9885530946E+03   0.0000000000E+00
 0.1000000000E+04   0.0000000000E+00
