 0.9999999776E-02   0.2113530636E-09
 0.1011579432E-01   0.2117606351E-09
 0.1023292969E-01   0.2126070570E-09
 0.1035142144E-01   0.2134094405E-09
 0.1047128525E-01   0.2141680643E-09
 0.1059253702E-01   0.2148813570E-09
 0.1071519281E-01   0.2155502569E-09
 0.1083926890E-01   0.2161756869E-09
 0.1096478172E-01   0.2167585545E-09
 0.1109174791E-01   0.2173175430E-09
 0.1122018429E-01   0.2182750946E-09
 0.1135010791E-01   0.2191857682E-09
 0.1148153596E-01   0.2200498063E-09
 0.1161448588E-01   0.2208653430E-09
 0.1174897529E-01   0.2216333755E-09
 0.1188502201E-01   0.2223548845E-09
 0.1202264408E-01   0.2230308343E-09
 0.1216185974E-01   0.2236770369E-09
 0.1230268744E-01   0.2246466190E-09
 0.1244514584E-01   0.2255673284E-09
 0.1258925384E-01   0.2264396292E-09
 0.1273503053E-01   0.2272624032E-09
 0.1288249524E-01   0.2280366701E-09
 0.1303166750E-01   0.2287634325E-09
 0.1318256710E-01   0.2294436765E-09
 0.1333521403E-01   0.2300976069E-09
 0.1348962853E-01   0.2311819641E-09
 0.1364583107E-01   0.2322146915E-09
 0.1380384235E-01   0.2331961588E-09
 0.1396368331E-01   0.2341247291E-09
 0.1412537514E-01   0.2350014848E-09
 0.1428893928E-01   0.2358274905E-09
 0.1445439739E-01   0.2366037931E-09
 0.1462177143E-01   0.2373502308E-09
 0.1479108356E-01   0.2385134933E-09
 0.1496235624E-01   0.2396228599E-09
 0.1513561216E-01   0.2406786435E-09
 0.1531087429E-01   0.2416788579E-09
 0.1548816586E-01   0.2426246371E-09
 0.1566751036E-01   0.2435170963E-09
 0.1584893158E-01   0.2443573321E-09
 0.1603245356E-01   0.2451711926E-09
 0.1621810063E-01   0.2465466630E-09
 0.1640589738E-01   0.2478617054E-09
 0.1659586872E-01   0.2491168844E-09
 0.1678803982E-01   0.2503108498E-09
 0.1698243616E-01   0.2514448387E-09
 0.1717908351E-01   0.2525200675E-09
 0.1737800792E-01   0.2535377331E-09
 0.1757923577E-01   0.2545145457E-09
 0.1778279372E-01   0.2558197375E-09
 0.1798870877E-01   0.2570648710E-09
 0.1819700820E-01   0.2582505147E-09
 0.1840771963E-01   0.2593753309E-09
 0.1862087097E-01   0.2604405567E-09
 0.1883649050E-01   0.2614474091E-09
 0.1905460678E-01   0.2623970849E-09
 0.1927524873E-01   0.2633104566E-09
 0.1949844559E-01   0.2646553792E-09
 0.1972422695E-01   0.2659380513E-09
 0.1995262273E-01   0.2671591123E-09
 0.2018366321E-01   0.2683173722E-09
 0.2041737902E-01   0.2694141089E-09
 0.2065380113E-01   0.2704505790E-09
 0.2089296087E-01   0.2714280186E-09
 0.2113488996E-01   0.2723647442E-09
 0.2137962045E-01   0.2736671669E-09
 0.2162718479E-01   0.2749079307E-09
 0.2187761578E-01   0.2760875057E-09
 0.2213094664E-01   0.2772040542E-09
 0.2238721092E-01   0.2782588644E-09
 0.2264644261E-01   0.2792532035E-09
 0.2290867605E-01   0.2801883177E-09
 0.2317394602E-01   0.2810848302E-09
 0.2344228767E-01   0.2824035838E-09
 0.2371373657E-01   0.2836586568E-09
 0.2398832869E-01   0.2848506646E-09
 0.2426610045E-01   0.2859782146E-09
 0.2454708865E-01   0.2870426262E-09
 0.2483133054E-01   0.2880451971E-09
 0.2511886380E-01   0.2889872038E-09
 0.2540972653E-01   0.2898885735E-09
 0.2570395730E-01   0.2911929895E-09
 0.2600159510E-01   0.2924320689E-09
 0.2630267938E-01   0.2936066334E-09
 0.2660725005E-01   0.2947159898E-09
 0.2691534749E-01   0.2957614771E-09
 0.2722701253E-01   0.2967444120E-09
 0.2754228647E-01   0.2976660897E-09
 0.2786121112E-01   0.2985406728E-09
 0.2818382874E-01   0.2996748261E-09
 0.2851018210E-01   0.3007474829E-09
 0.2884031445E-01   0.3017591838E-09
 0.2917426955E-01   0.3027083156E-09
 0.2951209167E-01   0.3035961781E-09
 0.2985382559E-01   0.3044240497E-09
 0.3019951659E-01   0.3051931875E-09
 0.3054921052E-01   0.3059234045E-09
 0.3090295370E-01   0.3070561063E-09
 0.3126079304E-01   0.3081255867E-09
 0.3162277597E-01   0.3091325845E-09
 0.3198895045E-01   0.3100761540E-09
 0.3235936504E-01   0.3109576155E-09
 0.3273406883E-01   0.3117782672E-09
 0.3311311149E-01   0.3125393858E-09
 0.3349654325E-01   0.3132623301E-09
 0.3388441494E-01   0.3144246972E-09
 0.3427677797E-01   0.3155221323E-09
 0.3467368435E-01   0.3165554235E-09
 0.3507518670E-01   0.3175237154E-09
 0.3548133822E-01   0.3184283605E-09
 0.3589219275E-01   0.3192706893E-09
 0.3630780476E-01   0.3200520097E-09
 0.3672822932E-01   0.3207836796E-09
 0.3715352217E-01   0.3217056108E-09
 0.3758373969E-01   0.3225671015E-09
 0.3801893888E-01   0.3233688737E-09
 0.3845917745E-01   0.3241100238E-09
 0.3890451373E-01   0.3247918346E-09
 0.3935500677E-01   0.3254155674E-09
 0.3981071627E-01   0.3259824627E-09
 0.4027170264E-01   0.3265097904E-09
 0.4073802698E-01   0.3273790784E-09
 0.4120975110E-01   0.3281881020E-09
 0.4168693753E-01   0.3289376420E-09
 0.4216964952E-01   0.3296270193E-09
 0.4265795105E-01   0.3302575128E-09
 0.4315190684E-01   0.3308303803E-09
 0.4365158237E-01   0.3313468586E-09
 0.4415704388E-01   0.3318195471E-09
 0.4466835835E-01   0.3325193829E-09
 0.4518559356E-01   0.3331621257E-09
 0.4570881807E-01   0.3337485086E-09
 0.4623810124E-01   0.3342778122E-09
 0.4677351322E-01   0.3347512664E-09
 0.4731512498E-01   0.3351700804E-09
 0.4786300831E-01   0.3355354432E-09
 0.4841723582E-01   0.3358605074E-09
 0.4897788099E-01   0.3364303869E-09
 0.4954501813E-01   0.3369453575E-09
 0.5011872240E-01   0.3374061717E-09
 0.5069906985E-01   0.3378122855E-09
 0.5128613742E-01   0.3381648910E-09
 0.5188000290E-01   0.3384651598E-09
 0.5248074502E-01   0.3387142441E-09
 0.5308844341E-01   0.3389255897E-09
 0.5370317861E-01   0.3393920835E-09
 0.5432503211E-01   0.3398052724E-09
 0.5495408634E-01   0.3401659578E-09
 0.5559042467E-01   0.3404738605E-09
 0.5623413145E-01   0.3407301416E-09
 0.5688529200E-01   0.3409359426E-09
 0.5754399264E-01   0.3410923857E-09
 0.5821032068E-01   0.3412060752E-09
 0.5888436442E-01   0.3414084564E-09
 0.5956621323E-01   0.3415632102E-09
 0.6025595747E-01   0.3416710569E-09
 0.6095368858E-01   0.3417316791E-09
 0.6165949903E-01   0.3417461437E-09
 0.6237348238E-01   0.3417154994E-09
 0.6309573326E-01   0.3416407772E-09
 0.6382634742E-01   0.3415330423E-09
 0.6456542169E-01   0.3416314822E-09
 0.6531305404E-01   0.3416842353E-09
 0.6606934357E-01   0.3416920704E-09
 0.6683439051E-01   0.3416549548E-09
 0.6760829628E-01   0.3415739164E-09
 0.6839116345E-01   0.3414499656E-09
 0.6918309581E-01   0.3412840956E-09
 0.6998419830E-01   0.3410821849E-09
 0.7079457713E-01   0.3409613663E-09
 0.7161433969E-01   0.3407997126E-09
 0.7244359467E-01   0.3405979558E-09
 0.7328245196E-01   0.3403561625E-09
 0.7413102276E-01   0.3400752756E-09
 0.7498941955E-01   0.3397562218E-09
 0.7585775611E-01   0.3393999118E-09
 0.7673614752E-01   0.3390160783E-09
 0.7762471024E-01   0.3388150224E-09
 0.7852356202E-01   0.3385759822E-09
 0.7943282202E-01   0.3382994861E-09
 0.8035261075E-01   0.3379849559E-09
 0.8128305013E-01   0.3376332985E-09
 0.8222426349E-01   0.3372454052E-09
 0.8317637559E-01   0.3368221516E-09
 0.8413951263E-01   0.3363660115E-09
 0.8511380227E-01   0.3359160589E-09
 0.8609937365E-01   0.3354322299E-09
 0.8709635741E-01   0.3349153796E-09
 0.8810488570E-01   0.3343664098E-09
 0.8912509220E-01   0.3337861234E-09
 0.9015711213E-01   0.3331753095E-09
 0.9120108229E-01   0.3325347428E-09
 0.9225714105E-01   0.3318710206E-09
 0.9332542840E-01   0.3313231750E-09
 0.9440608593E-01   0.3307456657E-09
 0.9549925689E-01   0.3301389873E-09
 0.9660508617E-01   0.3295028598E-09
 0.9772372034E-01   0.3288380371E-09
 0.9885530770E-01   0.3281452595E-09
 0.9999999821E-01   0.3274252539E-09
 0.1011579436E+00   0.3266809254E-09
 0.1023292974E+00   0.3259648861E-09
 0.1035142148E+00   0.3252226003E-09
 0.1047128529E+00   0.3244547294E-09
 0.1059253706E+00   0.3236618235E-09
 0.1071519286E+00   0.3228445565E-09
 0.1083926895E+00   0.3220035898E-09
 0.1096478177E+00   0.3211395732E-09
 0.1109174796E+00   0.3202552158E-09
 0.1122018434E+00   0.3194002202E-09
 0.1135010796E+00   0.3185233617E-09
 0.1148153601E+00   0.3176251473E-09
 0.1161448593E+00   0.3167057598E-09
 0.1174897534E+00   0.3157658017E-09
 0.1188502207E+00   0.3148058643E-09
 0.1202264414E+00   0.3138265282E-09
 0.1216185979E+00   0.3128286830E-09
 0.1230268749E+00   0.3118204648E-09
 0.1244514590E+00   0.3107946046E-09
 0.1258925390E+00   0.3097515851E-09
 0.1273503059E+00   0.3086917204E-09
 0.1288249529E+00   0.3076155327E-09
 0.1303166756E+00   0.3065235347E-09
 0.1318256716E+00   0.3054162293E-09
 0.1333521409E+00   0.3042942095E-09
 0.1348962859E+00   0.3031603160E-09
 0.1364583113E+00   0.3020124711E-09
 0.1380384241E+00   0.3008511504E-09
 0.1396368337E+00   0.2996768437E-09
 0.1412537520E+00   0.2984900002E-09
 0.1428893934E+00   0.2972910610E-09
 0.1445439746E+00   0.2960804585E-09
 0.1462177149E+00   0.2948605248E-09
 0.1479108363E+00   0.2936768906E-09
 0.1496235631E+00   0.2924810851E-09
 0.1513561223E+00   0.2912736688E-09
 0.1531087436E+00   0.2900555707E-09
 0.1548816593E+00   0.2888271933E-09
 0.1566751043E+00   0.2875889318E-09
 0.1584893166E+00   0.2863411733E-09
 0.1603245363E+00   0.2850818226E-09
 0.1621810070E+00   0.2837526097E-09
 0.1640589745E+00   0.2824168435E-09
 0.1659586879E+00   0.2810747738E-09
 0.1678803990E+00   0.2797264236E-09
 0.1698243624E+00   0.2783721126E-09
 0.1717908358E+00   0.2770121540E-09
 0.1737800800E+00   0.2756468544E-09
 0.1757923584E+00   0.2742752845E-09
 0.1778279380E+00   0.2728685937E-09
 0.1798870885E+00   0.2714576858E-09
 0.1819700828E+00   0.2700429383E-09
 0.1840771971E+00   0.2686250103E-09
 0.1862087106E+00   0.2672041599E-09
 0.1883649058E+00   0.2657806398E-09
 0.1905460686E+00   0.2643546972E-09
 0.1927524881E+00   0.2629255489E-09
 0.1949844567E+00   0.2614691346E-09
 0.1972422703E+00   0.2600114899E-09
 0.1995262282E+00   0.2585528583E-09
 0.2018366330E+00   0.2570935507E-09
 0.2041737911E+00   0.2556337735E-09
 0.2065380122E+00   0.2541737288E-09
 0.2089296096E+00   0.2527136140E-09
 0.2113489005E+00   0.2512525091E-09
 0.2137962054E+00   0.2497642342E-09
 0.2162718488E+00   0.2482763810E-09
 0.2187761588E+00   0.2467892809E-09
 0.2213094673E+00   0.2453036942E-09
 0.2238721102E+00   0.2438197810E-09
 0.2264644271E+00   0.2423376977E-09
 0.2290867615E+00   0.2408575969E-09
 0.2317394612E+00   0.2393770347E-09
 0.2344228777E+00   0.2378347261E-09
 0.2371373667E+00   0.2362961699E-09
 0.2398832880E+00   0.2347615205E-09
 0.2426610056E+00   0.2332310427E-09
 0.2454708876E+00   0.2317048423E-09
 0.2483133065E+00   0.2301830217E-09
 0.2511886391E+00   0.2286656808E-09
 0.2540972665E+00   0.2271510198E-09
 0.2570395742E+00   0.2255941967E-09
 0.2600159521E+00   0.2240424683E-09
 0.2630267950E+00   0.2224960791E-09
 0.2660725017E+00   0.2209557359E-09
 0.2691534761E+00   0.2194215031E-09
 0.2722701265E+00   0.2178934425E-09
 0.2754228660E+00   0.2163716138E-09
 0.2786121124E+00   0.2148530222E-09
 0.2818382887E+00   0.2132653929E-09
 0.2851018222E+00   0.2116855370E-09
 0.2884031457E+00   0.2101135689E-09
 0.2917426968E+00   0.2085498516E-09
 0.2951209180E+00   0.2069944022E-09
 0.2985382572E+00   0.2054472363E-09
 0.3019951673E+00   0.2039083682E-09
 0.3054921065E+00   0.2023762572E-09
 0.3090295384E+00   0.2008141083E-09
 0.3126079318E+00   0.1992607989E-09
 0.3162277611E+00   0.1977164127E-09
 0.3198895060E+00   0.1961812739E-09
 0.3235936519E+00   0.1946553732E-09
 0.3273406898E+00   0.1931387002E-09
 0.3311311163E+00   0.1916312436E-09
 0.3349654340E+00   0.1901317560E-09
 0.3388441509E+00   0.1886109566E-09
 0.3427677812E+00   0.1870992701E-09
 0.3467368451E+00   0.1855968458E-09
 0.3507518685E+00   0.1841043017E-09
 0.3548133838E+00   0.1826216086E-09
 0.3589219291E+00   0.1811487365E-09
 0.3630780492E+00   0.1796856548E-09
 0.3672822949E+00   0.1782294637E-09
 0.3715352234E+00   0.1767121558E-09
 0.3758373985E+00   0.1752058453E-09
 0.3801893905E+00   0.1737105566E-09
 0.3845917762E+00   0.1722265431E-09
 0.3890451391E+00   0.1707537429E-09
 0.3935500695E+00   0.1692920935E-09
 0.3981071645E+00   0.1678415327E-09
 0.4027170282E+00   0.1663998391E-09
 0.4073802716E+00   0.1649157908E-09
 0.4120975129E+00   0.1634433130E-09
 0.4168693772E+00   0.1619824557E-09
 0.4216964971E+00   0.1605336268E-09
 0.4265795124E+00   0.1590967422E-09
 0.4315190703E+00   0.1576717184E-09
 0.4365158257E+00   0.1562584722E-09
 0.4415704407E+00   0.1548557859E-09
 0.4466835855E+00   0.1534366924E-09
 0.4518559376E+00   0.1520293170E-09
 0.4570881828E+00   0.1506336733E-09
 0.4623810145E+00   0.1492500606E-09
 0.4677351343E+00   0.1478783862E-09
 0.4731512519E+00   0.1465185582E-09
 0.4786300852E+00   0.1451704852E-09
 0.4841723604E+00   0.1438316299E-09
 0.4897788121E+00   0.1424439400E-09
 0.4954501835E+00   0.1410687015E-09
 0.5011872262E+00   0.1397059058E-09
 0.5069907008E+00   0.1383558252E-09
 0.5128613764E+00   0.1370183473E-09
 0.5188000313E+00   0.1356933602E-09
 0.5248074526E+00   0.1343807535E-09
 0.5308844365E+00   0.1330791527E-09
 0.5370317885E+00   0.1317584875E-09
 0.5432503236E+00   0.1304501602E-09
 0.5495408658E+00   0.1291541535E-09
 0.5559042492E+00   0.1278707242E-09
 0.5623413170E+00   0.1265997542E-09
 0.5688529226E+00   0.1253411265E-09
 0.5754399290E+00   0.1240947249E-09
 0.5821032094E+00   0.1228588404E-09
 0.5888436469E+00   0.1215955828E-09
 0.5956621349E+00   0.1203447343E-09
 0.6025595774E+00   0.1191062591E-09
 0.6095368885E+00   0.1178803683E-09
 0.6165949930E+00   0.1166669362E-09
 0.6237348265E+00   0.1154658380E-09
 0.6309573355E+00   0.1142769506E-09
 0.6382634771E+00   0.1130988836E-09
 0.6456542198E+00   0.1119014701E-09
 0.6531305433E+00   0.1107161901E-09
 0.6606934386E+00   0.1095430148E-09
 0.6683439081E+00   0.1083821908E-09
 0.6760829658E+00   0.1072335888E-09
 0.6839116376E+00   0.1060970811E-09
 0.6918309611E+00   0.1049725415E-09
 0.6998419861E+00   0.1038579540E-09
 0.7079457744E+00   0.1027083920E-09
 0.7161434001E+00   0.1015713463E-09
 0.7244359499E+00   0.1004467196E-09
 0.7328245229E+00   0.9933453076E-10
 0.7413102309E+00   0.9823464250E-10
 0.7498941989E+00   0.9714691890E-10
 0.7585775644E+00   0.9607122560E-10
 0.7673614787E+00   0.9500620045E-10
 0.7762471058E+00   0.9392258495E-10
 0.7852356237E+00   0.9285092300E-10
 0.7943282237E+00   0.9179116422E-10
 0.8035261111E+00   0.9074350096E-10
 0.8128305049E+00   0.8970779515E-10
 0.8222426386E+00   0.8868391032E-10
 0.8317637597E+00   0.8767171156E-10
 0.8413951301E+00   0.8666896470E-10
 0.8511380265E+00   0.8562575942E-10
 0.8609937404E+00   0.8459491178E-10
 0.8709635780E+00   0.8357630941E-10
 0.8810488610E+00   0.8256994212E-10
 0.8912509260E+00   0.8157566327E-10
 0.9015711253E+00   0.8059332797E-10
 0.9120108270E+00   0.7962279308E-10
 0.9225714146E+00   0.7866200970E-10
 0.9332542882E+00   0.7766564063E-10
 0.9440608635E+00   0.7668158982E-10
 0.9549925731E+00   0.7570974292E-10
 0.9660508660E+00   0.7475009759E-10
 0.9772372078E+00   0.7380250183E-10
 0.9885530814E+00   0.7286680552E-10
 0.9999999866E+00   0.7194286040E-10
 0.1011579441E+01   0.7102836361E-10
 0.1023292979E+01   0.7007207344E-10
 0.1035142153E+01   0.6912816694E-10
 0.1047128534E+01   0.6819652648E-10
 0.1059253711E+01   0.6727715685E-10
 0.1071519291E+01   0.6636989918E-10
 0.1083926900E+01   0.6547459667E-10
 0.1096478182E+01   0.6459109448E-10
 0.1109174801E+01   0.6371718364E-10
 0.1122018440E+01   0.6280399274E-10
 0.1135010801E+01   0.6190332644E-10
 0.1148153606E+01   0.6101502423E-10
 0.1161448599E+01   0.6013894735E-10
 0.1174897540E+01   0.5927493231E-10
 0.1188502212E+01   0.5842281776E-10
 0.1202264419E+01   0.5758244447E-10
 0.1216185985E+01   0.5675159218E-10
 0.1230268755E+01   0.5588122020E-10
 0.1244514596E+01   0.5502319403E-10
 0.1258925395E+01   0.5417737395E-10
 0.1273503065E+01   0.5334370813E-10
 0.1288249535E+01   0.5252202915E-10
 0.1303166762E+01   0.5171217182E-10
 0.1318256722E+01   0.5091397317E-10
 0.1333521415E+01   0.5012650547E-10
 0.1348962865E+01   0.4933143778E-10
 0.1364583119E+01   0.4854795340E-10
 0.1380384247E+01   0.4777590148E-10
 0.1396368343E+01   0.4701516344E-10
 0.1412537527E+01   0.4626558144E-10
 0.1428893940E+01   0.4552699976E-10
 0.1445439752E+01   0.4479926477E-10
 0.1462177156E+01   0.4408326121E-10
 0.1479108369E+01   0.4340339441E-10
 0.1496235637E+01   0.4273323241E-10
 0.1513561229E+01   0.4207265889E-10
 0.1531087442E+01   0.4142160901E-10
 0.1548816599E+01   0.4077995129E-10
 0.1566751050E+01   0.4014755602E-10
 0.1584893173E+01   0.3952429522E-10
 0.1603245371E+01   0.3891108194E-10
 0.1621810077E+01   0.3833241774E-10
 0.1640589753E+01   0.3776185418E-10
 0.1659586887E+01   0.3719929136E-10
 0.1678803997E+01   0.3664465976E-10
 0.1698243631E+01   0.3609785149E-10
 0.1717908366E+01   0.3555876015E-10
 0.1737800807E+01   0.3502728069E-10
 0.1757923592E+01   0.3450272757E-10
 0.1778279388E+01   0.3397120955E-10
 0.1798870893E+01   0.3344729684E-10
 0.1819700836E+01   0.3293089342E-10
 0.1840771979E+01   0.3242192978E-10
 0.1862087114E+01   0.3192030327E-10
 0.1883649067E+01   0.3142591261E-10
 0.1905460695E+01   0.3093865787E-10
 0.1927524890E+01   0.3045817252E-10
 0.1949844576E+01   0.2997801065E-10
 0.1972422712E+01   0.2950480157E-10
 0.1995262291E+01   0.2903845882E-10
 0.2018366339E+01   0.2857892638E-10
 0.2041737920E+01   0.2812610943E-10
 0.2065380131E+01   0.2767991445E-10
 0.2089296106E+01   0.2724024915E-10
 0.2113489015E+01   0.2680670818E-10
 0.2137962064E+01   0.2637175342E-10
 0.2162718498E+01   0.2594324922E-10
 0.2187761598E+01   0.2552110383E-10
 0.2213094683E+01   0.2510522357E-10
 0.2238721112E+01   0.2469552033E-10
 0.2264644281E+01   0.2429190717E-10
 0.2290867626E+01   0.2389429836E-10
 0.2317394623E+01   0.2350225246E-10
 0.2344228788E+01   0.2310722992E-10
 0.2371373678E+01   0.2271813545E-10
 0.2398832891E+01   0.2233489230E-10
 0.2426610067E+01   0.2195744625E-10
 0.2454708887E+01   0.2158571480E-10
 0.2483133076E+01   0.2121961658E-10
 0.2511886402E+01   0.2085907133E-10
 0.2540972676E+01   0.2050395486E-10
 0.2570395753E+01   0.2015312188E-10
 0.2600159533E+01   0.1980763147E-10
 0.2630267962E+01   0.1946740782E-10
 0.2660725029E+01   0.1913237776E-10
 0.2691534773E+01   0.1880246697E-10
 0.2722701277E+01   0.1847760215E-10
 0.2754228672E+01   0.1815771100E-10
 0.2786121137E+01   0.1784253405E-10
 0.2818382899E+01   0.1752754205E-10
 0.2851018235E+01   0.1721743642E-10
 0.2884031470E+01   0.1691214398E-10
 0.2917426981E+01   0.1661158482E-10
 0.2951209193E+01   0.1631569058E-10
 0.2985382585E+01   0.1602439384E-10
 0.3019951686E+01   0.1573762812E-10
 0.3054921079E+01   0.1545540622E-10
 0.3090295398E+01   0.1517952032E-10
 0.3126079332E+01   0.1490791841E-10
 0.3162277625E+01   0.1464053995E-10
 0.3198895074E+01   0.1437732939E-10
 0.3235936533E+01   0.1411822636E-10
 0.3273406912E+01   0.1386317129E-10
 0.3311311178E+01   0.1361210547E-10
 0.3349654355E+01   0.1336484576E-10
 0.3388441524E+01   0.1311836767E-10
 0.3427677828E+01   0.1287579628E-10
 0.3467368466E+01   0.1263707143E-10
 0.3507518701E+01   0.1240212476E-10
 0.3548133853E+01   0.1217090106E-10
 0.3589219307E+01   0.1194334588E-10
 0.3630780508E+01   0.1171940553E-10
 0.3672822965E+01   0.1149908349E-10
 0.3715352251E+01   0.1128366429E-10
 0.3758374002E+01   0.1107169213E-10
 0.3801893922E+01   0.1086311191E-10
 0.3845917779E+01   0.1065785613E-10
 0.3890451408E+01   0.1045587604E-10
 0.3935500712E+01   0.1025712352E-10
 0.3981071663E+01   0.1006155115E-10
 0.4027170300E+01   0.9869151415E-11
 0.4073802735E+01   0.9680807948E-11
 0.4120975147E+01   0.9495488260E-11
 0.4168693790E+01   0.9313146794E-11
 0.4216964990E+01   0.9133735610E-11
 0.4265795143E+01   0.8957211514E-11
 0.4315190723E+01   0.8783531919E-11
 0.4365158276E+01   0.8612654834E-11
 0.4415704427E+01   0.8444630789E-11
 0.4466835875E+01   0.8281597319E-11
 0.4518559396E+01   0.8121211557E-11
 0.4570881848E+01   0.7963429889E-11
 0.4623810166E+01   0.7808196309E-11
 0.4677351364E+01   0.7655473155E-11
 0.4731512540E+01   0.7505223296E-11
 0.4786300874E+01   0.7357410120E-11
 0.4841723626E+01   0.7212060842E-11
 0.4897788143E+01   0.7070640063E-11
 0.4954501857E+01   0.6931526830E-11
 0.5011872285E+01   0.6794683862E-11
 0.5069907031E+01   0.6660065500E-11
 0.5128613787E+01   0.6527638748E-11
 0.5188000336E+01   0.6397371069E-11
 0.5248074549E+01   0.6269230387E-11
 0.5308844388E+01   0.6143296913E-11
 0.5370317909E+01   0.6022189472E-11
 0.5432503260E+01   0.5903064143E-11
 0.5495408683E+01   0.5785888517E-11
 0.5559042517E+01   0.5670621999E-11
 0.5623413195E+01   0.5557236237E-11
 0.5688529251E+01   0.5445703276E-11
 0.5754399316E+01   0.5335995556E-11
 0.5821032120E+01   0.5228109705E-11
 0.5888436495E+01   0.5122582876E-11
 0.5956621376E+01   0.5018810719E-11
 0.6025595801E+01   0.4916762119E-11
 0.6095368912E+01   0.4816392177E-11
 0.6165949958E+01   0.4717675834E-11
 0.6237348293E+01   0.4620588385E-11
 0.6309573383E+01   0.4525105472E-11
 0.6382634799E+01   0.4431327146E-11
 0.6456542227E+01   0.4342169378E-11
 0.6531305463E+01   0.4254483622E-11
 0.6606934416E+01   0.4168245558E-11
 0.6683439111E+01   0.4083424341E-11
 0.6760829688E+01   0.3999998832E-11
 0.6839116407E+01   0.3917948193E-11
 0.6918309642E+01   0.3837251879E-11
 0.6998419893E+01   0.3757933123E-11
 0.7079457776E+01   0.3681002365E-11
 0.7161434033E+01   0.3605354039E-11
 0.7244359531E+01   0.3530966142E-11
 0.7328245261E+01   0.3457808852E-11
 0.7413102342E+01   0.3385863742E-11
 0.7498942022E+01   0.3315112648E-11
 0.7585775678E+01   0.3245537661E-11
 0.7673614821E+01   0.3177224671E-11
 0.7762471093E+01   0.3112609751E-11
 0.7852356272E+01   0.3049074455E-11
 0.7943282273E+01   0.2986599194E-11
 0.8035261147E+01   0.2925154705E-11
 0.8128305086E+01   0.2864725575E-11
 0.8222426423E+01   0.2805296611E-11
 0.8317637634E+01   0.2746852832E-11
 0.8413951338E+01   0.2689438667E-11
 0.8511380303E+01   0.2634442179E-11
 0.8609937442E+01   0.2580363887E-11
 0.8709635819E+01   0.2527187668E-11
 0.8810488649E+01   0.2474890746E-11
 0.8912509300E+01   0.2423459959E-11
 0.9015711294E+01   0.2372882329E-11
 0.9120108310E+01   0.2323145064E-11
 0.9225714188E+01   0.2274318084E-11
 0.9332542923E+01   0.2228344554E-11
 0.9440608677E+01   0.2183136955E-11
 0.9549925774E+01   0.2138681487E-11
 0.9660508703E+01   0.2094957713E-11
 0.9772372122E+01   0.2051954708E-11
 0.9885530858E+01   0.2009661700E-11
 0.9999999911E+01   0.1968068070E-11
 0.1011579445E+02   0.1927199941E-11
 0.1023292983E+02   0.1887914090E-11
 0.1035142157E+02   0.1849286563E-11
 0.1047128539E+02   0.1811305141E-11
 0.1059253716E+02   0.1773950944E-11
 0.1071519296E+02   0.1737214589E-11
 0.1083926904E+02   0.1701086825E-11
 0.1096478187E+02   0.1665558533E-11
 0.1109174806E+02   0.1630677528E-11
 0.1122018445E+02   0.1597780947E-11
 0.1135010806E+02   0.1565432881E-11
 0.1148153612E+02   0.1533623270E-11
 0.1161448604E+02   0.1502336780E-11
 0.1174897545E+02   0.1471565605E-11
 0.1188502217E+02   0.1441302045E-11
 0.1202264424E+02   0.1411538511E-11
 0.1216185990E+02   0.1382307199E-11
 0.1230268760E+02   0.1354540854E-11
 0.1244514601E+02   0.1327235423E-11
 0.1258925401E+02   0.1300382715E-11
 0.1273503070E+02   0.1273970859E-11
 0.1288249541E+02   0.1247993280E-11
 0.1303166767E+02   0.1222443496E-11
 0.1318256727E+02   0.1197315117E-11
 0.1333521421E+02   0.1172615070E-11
 0.1348962871E+02   0.1148650522E-11
 0.1364583125E+02   0.1125089901E-11
 0.1380384253E+02   0.1101925309E-11
 0.1396368349E+02   0.1079143621E-11
 0.1412537533E+02   0.1056739105E-11
 0.1428893947E+02   0.1034706112E-11
 0.1445439759E+02   0.1013039072E-11
 0.1462177162E+02   0.9917592665E-12
 0.1479108376E+02   0.9714956466E-12
 0.1496235644E+02   0.9515709408E-12
 0.1513561236E+02   0.9319790525E-12
 0.1531087449E+02   0.9127110113E-12
 0.1548816606E+02   0.8937619702E-12
 0.1566751057E+02   0.8751271508E-12
 0.1584893180E+02   0.8568018424E-12
 0.1603245378E+02   0.8387949431E-12
 0.1621810084E+02   0.8214227587E-12
 0.1640589760E+02   0.8043439182E-12
 0.1659586894E+02   0.7875528728E-12
 0.1678804005E+02   0.7710408438E-12
 0.1698243639E+02   0.7548036438E-12
 0.1717908374E+02   0.7388371444E-12
 0.1737800815E+02   0.7231372758E-12
 0.1757923600E+02   0.7077246677E-12
 0.1778279396E+02   0.6931792439E-12
 0.1798870901E+02   0.6788778136E-12
 0.1819700844E+02   0.6648159500E-12
 0.1840771987E+02   0.6509870615E-12
 0.1862087122E+02   0.6373876571E-12
 0.1883649075E+02   0.6240142949E-12
 0.1905460703E+02   0.6108635820E-12
 0.1927524898E+02   0.5979257209E-12
 0.1949844585E+02   0.5850445214E-12
 0.1972422721E+02   0.5723837267E-12
 0.1995262300E+02   0.5599392069E-12
 0.2018366348E+02   0.5477045892E-12
 0.2041737929E+02   0.5356766987E-12
 0.2065380140E+02   0.5238524059E-12
 0.2089296115E+02   0.5122286256E-12
 0.2113489024E+02   0.5008195429E-12
 0.2137962074E+02   0.4900303302E-12
 0.2162718508E+02   0.4794257462E-12
 0.2187761608E+02   0.4690023275E-12
 0.2213094693E+02   0.4587547207E-12
 0.2238721122E+02   0.4486802665E-12
 0.2264644291E+02   0.4387763435E-12
 0.2290867636E+02   0.4290403678E-12
 0.2317394633E+02   0.4194607960E-12
 0.2344228798E+02   0.4098219575E-12
 0.2371373688E+02   0.4003510528E-12
 0.2398832902E+02   0.3910450540E-12
 0.2426610078E+02   0.3818996464E-12
 0.2454708898E+02   0.3729123728E-12
 0.2483133087E+02   0.3640808111E-12
 0.2511886414E+02   0.3554025742E-12
 0.2540972687E+02   0.3468851446E-12
 0.2570395764E+02   0.3387592525E-12
 0.2600159545E+02   0.3307762265E-12
 0.2630267973E+02   0.3229334024E-12
 0.2660725041E+02   0.3152267884E-12
 0.2691534785E+02   0.3076542936E-12
 0.2722701289E+02   0.3002138574E-12
 0.2754228684E+02   0.2929034487E-12
 0.2786121149E+02   0.2857223308E-12
 0.2818382912E+02   0.2786985114E-12
 0.2851018248E+02   0.2717993864E-12
 0.2884031483E+02   0.2650227549E-12
 0.2917426994E+02   0.2583656519E-12
 0.2951209206E+02   0.2518262291E-12
 0.2985382599E+02   0.2454026644E-12
 0.3019951700E+02   0.2390931625E-12
 0.3054921093E+02   0.2328966540E-12
 0.3090295412E+02   0.2268279925E-12
 0.3126079346E+02   0.2208691567E-12
 0.3162277639E+02   0.2150181453E-12
 0.3198895088E+02   0.2092721451E-12
 0.3235936548E+02   0.2036295185E-12
 0.3273406927E+02   0.1980886518E-12
 0.3311311193E+02   0.1926479548E-12
 0.3349654369E+02   0.1873088151E-12
 0.3388441539E+02   0.1821397036E-12
 0.3427677843E+02   0.1770652870E-12
 0.3467368482E+02   0.1720838949E-12
 0.3507518717E+02   0.1671933447E-12
 0.3548133869E+02   0.1623922094E-12
 0.3589219323E+02   0.1576790828E-12
 0.3630780524E+02   0.1530525790E-12
 0.3672822981E+02   0.1485143517E-12
 0.3715352267E+02   0.1441345910E-12
 0.3758374019E+02   0.1398363330E-12
 0.3801893939E+02   0.1356181467E-12
 0.3845917796E+02   0.1314782078E-12
 0.3890451425E+02   0.1274152775E-12
 0.3935500730E+02   0.1234281355E-12
 0.3981071681E+02   0.1195155788E-12
 0.4027170318E+02   0.1156754655E-12
 0.4073802753E+02   0.1118839517E-12
 0.4120975165E+02   0.1081646610E-12
 0.4168693809E+02   0.1045163207E-12
 0.4216965008E+02   0.1009373319E-12
 0.4265795162E+02   0.9742658489E-13
 0.4315190742E+02   0.9398298623E-13
 0.4365158296E+02   0.9060545870E-13
 0.4415704447E+02   0.8730064568E-13
 0.4466835895E+02   0.8425006394E-13
 0.4518559417E+02   0.8125828581E-13
 0.4570881869E+02   0.7832428396E-13
 0.4623810186E+02   0.7544680519E-13
 0.4677351385E+02   0.7262493992E-13
 0.4731512562E+02   0.6985779197E-13
 0.4786300895E+02   0.6714447842E-13
 0.4841723647E+02   0.6448956687E-13
 0.4897788165E+02   0.6202104015E-13
 0.4954501879E+02   0.5960082755E-13
 0.5011872307E+02   0.5722809630E-13
 0.5069907053E+02   0.5490187631E-13
 0.5128613810E+02   0.5262141367E-13
 0.5188000359E+02   0.5038596562E-13
 0.5248074572E+02   0.4819480043E-13
 0.5308844412E+02   0.4605270114E-13
 0.5370317933E+02   0.4408937155E-13
 0.5432503284E+02   0.4216515759E-13
 0.5495408708E+02   0.4027938058E-13
 0.5559042542E+02   0.3843125122E-13
 0.5623413220E+02   0.3662015470E-13
 0.5688529277E+02   0.3484548538E-13
 0.5754399341E+02   0.3310664661E-13
 0.5821032146E+02   0.3140841952E-13
 0.5888436521E+02   0.2987743952E-13
 0.5956621403E+02   0.2837753231E-13
 0.6025595828E+02   0.2690815941E-13
 0.6095368939E+02   0.2546870770E-13
 0.6165949985E+02   0.2405868471E-13
 0.6237348321E+02   0.2267760530E-13
 0.6309573411E+02   0.2132499162E-13
 0.6382634828E+02   0.2000944106E-13
 0.6456542256E+02   0.1894535623E-13
 0.6531305492E+02   0.1790308587E-13
 0.6606934445E+02   0.1688225488E-13
 0.6683439141E+02   0.1588244873E-13
 0.6760829719E+02   0.1490331985E-13
 0.6839116437E+02   0.1394452585E-13
 0.6918309673E+02   0.1300572950E-13
 0.6998419924E+02   0.1209279567E-13
 0.7079457807E+02   0.1135223475E-13
 0.7161434065E+02   0.1062709838E-13
 0.7244359564E+02   0.9917119478E-14
 0.7328245294E+02   0.9222002212E-14
 0.7413102376E+02   0.8541499372E-14
 0.7498942056E+02   0.7875367461E-14
 0.7585775712E+02   0.7223366642E-14
 0.7673614855E+02   0.6592986669E-14
 0.7762471128E+02   0.6167059401E-14
 0.7852356307E+02   0.5750056044E-14
 0.7943282308E+02   0.5341820752E-14
 0.8035261183E+02   0.4942178082E-14
 0.8128305122E+02   0.4550984809E-14
 0.8222426460E+02   0.4168099858E-14
 0.8317637671E+02   0.3793384281E-14
 0.8413951376E+02   0.3431878189E-14
 0.8511380341E+02   0.3206113280E-14
 0.8609937481E+02   0.2985111878E-14
 0.8709635858E+02   0.2768785582E-14
 0.8810488689E+02   0.2557020674E-14
 0.8912509340E+02   0.2349741074E-14
 0.9015711334E+02   0.2146871843E-14
 0.9120108351E+02   0.1948339172E-14
 0.9225714229E+02   0.1760682153E-14
 0.9332542965E+02   0.1740493144E-14
 0.9440608720E+02   0.1720536908E-14
 0.9549925817E+02   0.1700810507E-14
 0.9660508746E+02   0.0000000000E+00
 0.9772372165E+02   0.0000000000E+00
 0.9885530902E+02   0.0000000000E+00
 0.9999999955E+02   0.0000000000E+00
 0.1011579450E+03   0.0000000000E+00
 0.1023292988E+03   0.0000000000E+00
 0.1035142162E+03   0.0000000000E+00
 0.1047128543E+03   0.0000000000E+00
 0.1059253721E+03   0.0000000000E+00
 0.1071519301E+03   0.0000000000E+00
 0.1083926909E+03   0.0000000000E+00
 0.1096478191E+03   0.0000000000E+00
 0.1109174811E+03   0.0000000000E+00
 0.1122018450E+03   0.0000000000E+00
 0.1135010811E+03   0.0000000000E+00
 0.1148153617E+03   0.0000000000E+00
 0.1161448609E+03   0.0000000000E+00
 0.1174897550E+03   0.0000000000E+00
 0.1188502223E+03   0.0000000000E+00
 0.1202264430E+03   0.0000000000E+00
 0.1216185996E+03   0.0000000000E+00
 0.1230268766E+03   0.0000000000E+00
 0.1244514607E+03   0.0000000000E+00
 0.1258925407E+03   0.0000000000E+00
 0.1273503076E+03   0.0000000000E+00
 0.1288249547E+03   0.0000000000E+00
 0.1303166773E+03   0.0000000000E+00
 0.1318256733E+03   0.0000000000E+00
 0.1333521427E+03   0.0000000000E+00
 0.1348962877E+03   0.0000000000E+00
 0.1364583131E+03   0.0000000000E+00
 0.1380384259E+03   0.0000000000E+00
 0.1396368356E+03   0.0000000000E+00
 0.1412537539E+03   0.0000000000E+00
 0.1428893953E+03   0.0000000000E+00
 0.1445439765E+03   0.0000000000E+00
 0.1462177169E+03   0.0000000000E+00
 0.1479108383E+03   0.0000000000E+00
 0.1496235651E+03   0.0000000000E+00
 0.1513561243E+03   0.0000000000E+00
 0.1531087456E+03   0.0000000000E+00
 0.1548816613E+03   0.0000000000E+00
 0.1566751064E+03   0.0000000000E+00
 0.1584893187E+03   0.0000000000E+00
 0.1603245385E+03   0.0000000000E+00
 0.1621810092E+03   0.0000000000E+00
 0.1640589767E+03   0.0000000000E+00
 0.1659586902E+03   0.0000000000E+00
 0.1678804012E+03   0.0000000000E+00
 0.1698243647E+03   0.0000000000E+00
 0.1717908381E+03   0.0000000000E+00
 0.1737800823E+03   0.0000000000E+00
 0.1757923608E+03   0.0000000000E+00
 0.1778279404E+03   0.0000000000E+00
 0.1798870909E+03   0.0000000000E+00
 0.1819700853E+03   0.0000000000E+00
 0.1840771995E+03   0.0000000000E+00
 0.1862087131E+03   0.0000000000E+00
 0.1883649083E+03   0.0000000000E+00
 0.1905460712E+03   0.0000000000E+00
 0.1927524907E+03   0.0000000000E+00
 0.1949844594E+03   0.0000000000E+00
 0.1972422730E+03   0.0000000000E+00
 0.1995262309E+03   0.0000000000E+00
 0.2018366357E+03   0.0000000000E+00
 0.2041737938E+03   0.0000000000E+00
 0.2065380149E+03   0.0000000000E+00
 0.2089296125E+03   0.0000000000E+00
 0.2113489033E+03   0.0000000000E+00
 0.2137962083E+03   0.0000000000E+00
 0.2162718517E+03   0.0000000000E+00
 0.2187761617E+03   0.0000000000E+00
 0.2213094703E+03   0.0000000000E+00
 0.2238721132E+03   0.0000000000E+00
 0.2264644301E+03   0.0000000000E+00
 0.2290867646E+03   0.0000000000E+00
 0.2317394643E+03   0.0000000000E+00
 0.2344228809E+03   0.0000000000E+00
 0.2371373699E+03   0.0000000000E+00
 0.2398832912E+03   0.0000000000E+00
 0.2426610088E+03   0.0000000000E+00
 0.2454708909E+03   0.0000000000E+00
 0.2483133099E+03   0.0000000000E+00
 0.2511886425E+03   0.0000000000E+00
 0.2540972699E+03   0.0000000000E+00
 0.2570395776E+03   0.0000000000E+00
 0.2600159556E+03   0.0000000000E+00
 0.2630267985E+03   0.0000000000E+00
 0.2660725053E+03   0.0000000000E+00
 0.2691534797E+03   0.0000000000E+00
 0.2722701301E+03   0.0000000000E+00
 0.2754228696E+03   0.0000000000E+00
 0.2786121162E+03   0.0000000000E+00
 0.2818382924E+03   0.0000000000E+00
 0.2851018261E+03   0.0000000000E+00
 0.2884031496E+03   0.0000000000E+00
 0.2917427007E+03   0.0000000000E+00
 0.2951209220E+03   0.0000000000E+00
 0.2985382612E+03   0.0000000000E+00
 0.3019951713E+03   0.0000000000E+00
 0.3054921106E+03   0.0000000000E+00
 0.3090295425E+03   0.0000000000E+00
 0.3126079360E+03   0.0000000000E+00
 0.3162277653E+03   0.0000000000E+00
 0.3198895103E+03   0.0000000000E+00
 0.3235936562E+03   0.0000000000E+00
 0.3273406942E+03   0.0000000000E+00
 0.3311311208E+03   0.0000000000E+00
 0.3349654384E+03   0.0000000000E+00
 0.3388441554E+03   0.0000000000E+00
 0.3427677858E+03   0.0000000000E+00
 0.3467368497E+03   0.0000000000E+00
 0.3507518732E+03   0.0000000000E+00
 0.3548133885E+03   0.0000000000E+00
 0.3589219339E+03   0.0000000000E+00
 0.3630780541E+03   0.0000000000E+00
 0.3672822998E+03   0.0000000000E+00
 0.3715352284E+03   0.0000000000E+00
 0.3758374036E+03   0.0000000000E+00
 0.3801893956E+03   0.0000000000E+00
 0.3845917813E+03   0.0000000000E+00
 0.3890451443E+03   0.0000000000E+00
 0.3935500747E+03   0.0000000000E+00
 0.3981071698E+03   0.0000000000E+00
 0.4027170336E+03   0.0000000000E+00
 0.4073802771E+03   0.0000000000E+00
 0.4120975184E+03   0.0000000000E+00
 0.4168693828E+03   0.0000000000E+00
 0.4216965027E+03   0.0000000000E+00
 0.4265795181E+03   0.0000000000E+00
 0.4315190761E+03   0.0000000000E+00
 0.4365158315E+03   0.0000000000E+00
 0.4415704467E+03   0.0000000000E+00
 0.4466835915E+03   0.0000000000E+00
 0.4518559437E+03   0.0000000000E+00
 0.4570881889E+03   0.0000000000E+00
 0.4623810207E+03   0.0000000000E+00
 0.4677351406E+03   0.0000000000E+00
 0.4731512583E+03   0.0000000000E+00
 0.4786300916E+03   0.0000000000E+00
 0.4841723669E+03   0.0000000000E+00
 0.4897788187E+03   0.0000000000E+00
 0.4954501901E+03   0.0000000000E+00
 0.5011872330E+03   0.0000000000E+00
 0.5069907076E+03   0.0000000000E+00
 0.5128613833E+03   0.0000000000E+00
 0.5188000383E+03   0.0000000000E+00
 0.5248074596E+03   0.0000000000E+00
 0.5308844436E+03   0.0000000000E+00
 0.5370317957E+03   0.0000000000E+00
 0.5432503308E+03   0.0000000000E+00
 0.5495408732E+03   0.0000000000E+00
 0.5559042566E+03   0.0000000000E+00
 0.5623413246E+03   0.0000000000E+00
 0.5688529302E+03   0.0000000000E+00
 0.5754399367E+03   0.0000000000E+00
 0.5821032172E+03   0.0000000000E+00
 0.5888436548E+03   0.0000000000E+00
 0.5956621429E+03   0.0000000000E+00
 0.6025595855E+03   0.0000000000E+00
 0.6095368967E+03   0.0000000000E+00
 0.6165950013E+03   0.0000000000E+00
 0.6237348349E+03   0.0000000000E+00
 0.6309573439E+03   0.0000000000E+00
 0.6382634856E+03   0.0000000000E+00
 0.6456542285E+03   0.0000000000E+00
 0.6531305521E+03   0.0000000000E+00
 0.6606934475E+03   0.0000000000E+00
 0.6683439170E+03   0.0000000000E+00
 0.6760829749E+03   0.0000000000E+00
 0.6839116468E+03   0.0000000000E+00
 0.6918309704E+03   0.0000000000E+00
 0.6998419955E+03   0.0000000000E+00
 0.7079457839E+03   0.0000000000E+00
 0.7161434097E+03   0.0000000000E+00
 0.7244359596E+03   0.0000000000E+00
 0.7328245327E+03   0.0000000000E+00
 0.7413102409E+03   0.0000000000E+00
 0.7498942089E+03   0.0000000000E+00
 0.7585775746E+03   0.0000000000E+00
 0.7673614890E+03   0.0000000000E+00
 0.7762471162E+03   0.0000000000E+00
 0.7852356342E+03   0.0000000000E+00
 0.7943282344E+03   0.0000000000E+00
 0.8035261218E+03   0.0000000000E+00
 0.8128305158E+03   0.0000000000E+00
 0.8222426496E+03   0.0000000000E+00
 0.8317637708E+03   0.0000000000E+00
 0.8413951414E+03   0.0000000000E+00
 0.8511380379E+03   0.0000000000E+00
 0.8609937519E+03   0.0000000000E+00
 0.8709635897E+03   0.0000000000E+00
 0.8810488728E+03   0.0000000000E+00
 0.8912509379E+03   0.0000000000E+00
 0.9015711374E+03   0.0000000000E+00
 0.9120108392E+03   0.0000000000E+00
 0.9225714270E+03   0.0000000000E+00
 0.9332543007E+03   0.0000000000E+00
 0.9440608762E+03   0.0000000000E+00
 0.9549925859E+03   0.0000000000E+00
 0.9660508789E+03   0.0000000000E+00
 0.9772372209E+03   0.0000000000E+00
 0.9885530946E+03   0.0000000000E+00
 0.1000000000E+04   0.0000000000E+00
