 0.9999999776E-02   0.4431205604E-10
 0.1011579432E-01   0.4470707506E-10
 0.1023292969E-01   0.4508729154E-10
 0.1035142144E-01   0.4545295676E-10
 0.1047128525E-01   0.4580507738E-10
 0.1059253702E-01   0.4619557281E-10
 0.1071519281E-01   0.4665229054E-10
 0.1083926890E-01   0.4709249917E-10
 0.1096478172E-01   0.4751651761E-10
 0.1109174791E-01   0.4792467041E-10
 0.1122018429E-01   0.4831731072E-10
 0.1135010791E-01   0.4869469248E-10
 0.1148153596E-01   0.4905817169E-10
 0.1161448588E-01   0.4946167838E-10
 0.1174897529E-01   0.4993395609E-10
 0.1188502201E-01   0.5038894051E-10
 0.1202264408E-01   0.5082696665E-10
 0.1216185974E-01   0.5124837241E-10
 0.1230268744E-01   0.5165351190E-10
 0.1244514584E-01   0.5204266903E-10
 0.1258925384E-01   0.5241677063E-10
 0.1273503053E-01   0.5283374648E-10
 0.1288249524E-01   0.5332478648E-10
 0.1303166750E-01   0.5379766182E-10
 0.1318256710E-01   0.5425272491E-10
 0.1333521403E-01   0.5469033230E-10
 0.1348962853E-01   0.5511086206E-10
 0.1364583107E-01   0.5551460793E-10
 0.1380384235E-01   0.5590271500E-10
 0.1396368331E-01   0.5632106937E-10
 0.1412537514E-01   0.5679421373E-10
 0.1428893928E-01   0.5724914617E-10
 0.1445439739E-01   0.5768622231E-10
 0.1462177143E-01   0.5810580105E-10
 0.1479108356E-01   0.5850826411E-10
 0.1496235624E-01   0.5889390769E-10
 0.1513561216E-01   0.5926365020E-10
 0.1531087429E-01   0.5966731912E-10
 0.1548816586E-01   0.6013173334E-10
 0.1566751036E-01   0.6057769705E-10
 0.1584893158E-01   0.6100557288E-10
 0.1603245356E-01   0.6141572733E-10
 0.1621810063E-01   0.6180854550E-10
 0.1640589738E-01   0.6218433647E-10
 0.1659586872E-01   0.6254444717E-10
 0.1678803982E-01   0.6296668328E-10
 0.1698243616E-01   0.6349278900E-10
 0.1717908351E-01   0.6399859953E-10
 0.1737800792E-01   0.6448451091E-10
 0.1757923577E-01   0.6495092050E-10
 0.1778279372E-01   0.6539824733E-10
 0.1798870877E-01   0.6582683374E-10
 0.1819700820E-01   0.6623766373E-10
 0.1840771963E-01   0.6666828031E-10
 0.1862087097E-01   0.6713884504E-10
 0.1883649050E-01   0.6758990110E-10
 0.1905460678E-01   0.6802183437E-10
 0.1927524873E-01   0.6843503367E-10
 0.1949844559E-01   0.6882990704E-10
 0.1972422695E-01   0.6920678047E-10
 0.1995262273E-01   0.6956684256E-10
 0.2018366321E-01   0.6997962623E-10
 0.2041737902E-01   0.7048250158E-10
 0.2065380113E-01   0.7096469465E-10
 0.2089296087E-01   0.7142661345E-10
 0.2113488996E-01   0.7186866843E-10
 0.2137962045E-01   0.7229129615E-10
 0.2162718479E-01   0.7269484281E-10
 0.2187761578E-01   0.7308026032E-10
 0.2213094664E-01   0.7348842303E-10
 0.2238721092E-01   0.7394132702E-10
 0.2264644261E-01   0.7437423300E-10
 0.2290867605E-01   0.7478754001E-10
 0.2317394602E-01   0.7518164714E-10
 0.2344228767E-01   0.7555696655E-10
 0.2371373657E-01   0.7591385046E-10
 0.2398832869E-01   0.7625353420E-10
 0.2426610045E-01   0.7663625683E-10
 0.2454708865E-01   0.7709433419E-10
 0.2483133054E-01   0.7753188264E-10
 0.2511886380E-01   0.7794931279E-10
 0.2540972653E-01   0.7834703731E-10
 0.2570395730E-01   0.7872548948E-10
 0.2600159510E-01   0.7908502401E-10
 0.2630267938E-01   0.7942690720E-10
 0.2660725005E-01   0.7980358645E-10
 0.2691534749E-01   0.8024315077E-10
 0.2722701253E-01   0.8066219499E-10
 0.2754228647E-01   0.8106113159E-10
 0.2786121112E-01   0.8144037277E-10
 0.2818382874E-01   0.8180034862E-10
 0.2851018210E-01   0.8214142000E-10
 0.2884031445E-01   0.8246439711E-10
 0.2917426955E-01   0.8281539410E-10
 0.2951209167E-01   0.8321934125E-10
 0.2985382559E-01   0.8360318908E-10
 0.3019951659E-01   0.8396734502E-10
 0.3054921052E-01   0.8431221658E-10
 0.3090295370E-01   0.8463822950E-10
 0.3126079304E-01   0.8494574018E-10
 0.3162277597E-01   0.8523594053E-10
 0.3198895045E-01   0.8555842975E-10
 0.3235936504E-01   0.8593978622E-10
 0.3273406883E-01   0.8630120113E-10
 0.3311311149E-01   0.8664308157E-10
 0.3349654325E-01   0.8696583387E-10
 0.3388441494E-01   0.8726987617E-10
 0.3427677797E-01   0.8755557166E-10
 0.3467368435E-01   0.8782376640E-10
 0.3507518670E-01   0.8812197583E-10
 0.3548133822E-01   0.8847586362E-10
 0.3589219275E-01   0.8881010280E-10
 0.3630780476E-01   0.8912509676E-10
 0.3672822932E-01   0.8942124733E-10
 0.3715352217E-01   0.8969897254E-10
 0.3758373969E-01   0.8995862925E-10
 0.3801893888E-01   0.9020135107E-10
 0.3845917745E-01   0.9046642292E-10
 0.3890451373E-01   0.9077486407E-10
 0.3935500677E-01   0.9106438986E-10
 0.3981071627E-01   0.9133539315E-10
 0.4027170264E-01   0.9158826639E-10
 0.4073802698E-01   0.9182341863E-10
 0.4120975110E-01   0.9204119711E-10
 0.4168693753E-01   0.9224244851E-10
 0.4216964952E-01   0.9246488361E-10
 0.4265795105E-01   0.9272883265E-10
 0.4315190684E-01   0.9297462307E-10
 0.4365158237E-01   0.9320263624E-10
 0.4415704388E-01   0.9341325210E-10
 0.4466835835E-01   0.9360686209E-10
 0.4518559356E-01   0.9378380334E-10
 0.4570881807E-01   0.9394501361E-10
 0.4623810124E-01   0.9413539677E-10
 0.4677351322E-01   0.9437911328E-10
 0.4731512498E-01   0.9460491547E-10
 0.4786300831E-01   0.9481318150E-10
 0.4841723582E-01   0.9500428631E-10
 0.4897788099E-01   0.9517861323E-10
 0.4954501813E-01   0.9533650941E-10
 0.5011872240E-01   0.9547891291E-10
 0.5069906985E-01   0.9562367572E-10
 0.5128613742E-01   0.9578028880E-10
 0.5188000290E-01   0.9592078670E-10
 0.5248074502E-01   0.9604551793E-10
 0.5308844341E-01   0.9615483022E-10
 0.5370317861E-01   0.9624908455E-10
 0.5432503211E-01   0.9632858624E-10
 0.5495408634E-01   0.9639392383E-10
 0.5559042467E-01   0.9648209288E-10
 0.5623413145E-01   0.9661314535E-10
 0.5688529200E-01   0.9672855532E-10
 0.5754399264E-01   0.9682866362E-10
 0.5821032068E-01   0.9691380687E-10
 0.5888436442E-01   0.9698432580E-10
 0.5956621323E-01   0.9704053703E-10
 0.6025595747E-01   0.9708329714E-10
 0.6095368858E-01   0.9714897759E-10
 0.6165949903E-01   0.9725712040E-10
 0.6237348238E-01   0.9735005783E-10
 0.6309573326E-01   0.9742812393E-10
 0.6382634742E-01   0.9749165003E-10
 0.6456542169E-01   0.9754097270E-10
 0.6531305404E-01   0.9757639843E-10
 0.6606934357E-01   0.9759852503E-10
 0.6683439051E-01   0.9761593008E-10
 0.6760829628E-01   0.9763323694E-10
 0.6839116345E-01   0.9763735680E-10
 0.6918309581E-01   0.9762858903E-10
 0.6998419830E-01   0.9760723090E-10
 0.7079457713E-01   0.9757359154E-10
 0.7161433969E-01   0.9752793554E-10
 0.7244359467E-01   0.9747108289E-10
 0.7328245196E-01   0.9742393358E-10
 0.7413102276E-01   0.9739761655E-10
 0.7498941955E-01   0.9735913640E-10
 0.7585775611E-01   0.9730877507E-10
 0.7673614752E-01   0.9724681031E-10
 0.7762471024E-01   0.9717351799E-10
 0.7852356202E-01   0.9708916410E-10
 0.7943282202E-01   0.9699397341E-10
 0.8035261075E-01   0.9691019621E-10
 0.8128305013E-01   0.9685004531E-10
 0.8222426349E-01   0.9677857319E-10
 0.8317637559E-01   0.9669604686E-10
 0.8413951263E-01   0.9660273106E-10
 0.8511380227E-01   0.9649889768E-10
 0.8609937365E-01   0.9638478839E-10
 0.8709635741E-01   0.9626112222E-10
 0.8810488570E-01   0.9613804464E-10
 0.8912509220E-01   0.9602088075E-10
 0.9015711213E-01   0.9589380206E-10
 0.9120108229E-01   0.9575705075E-10
 0.9225714105E-01   0.9561086479E-10
 0.9332542840E-01   0.9545548080E-10
 0.9440608593E-01   0.9529112607E-10
 0.9549925689E-01   0.9511816337E-10
 0.9660508617E-01   0.9495086953E-10
 0.9772372034E-01   0.9479700841E-10
 0.9885530770E-01   0.9463422819E-10
 0.9999999821E-01   0.9446275307E-10
 0.1011579436E+00   0.9428280548E-10
 0.1023292974E+00   0.9409461557E-10
 0.1035142148E+00   0.9389838266E-10
 0.1047128529E+00   0.9369458609E-10
 0.1059253706E+00   0.9348619697E-10
 0.1071519286E+00   0.9327475753E-10
 0.1083926895E+00   0.9305590909E-10
 0.1096478177E+00   0.9282984884E-10
 0.1109174796E+00   0.9259676838E-10
 0.1122018434E+00   0.9235684991E-10
 0.1135010796E+00   0.9211029339E-10
 0.1148153601E+00   0.9185734162E-10
 0.1161448593E+00   0.9160340449E-10
 0.1174897534E+00   0.9135146118E-10
 0.1188502207E+00   0.9109328288E-10
 0.1202264414E+00   0.9082904521E-10
 0.1216185979E+00   0.9055892267E-10
 0.1230268749E+00   0.9028309738E-10
 0.1244514590E+00   0.9000172062E-10
 0.1258925390E+00   0.8971502486E-10
 0.1273503059E+00   0.8943176518E-10
 0.1288249529E+00   0.8915671589E-10
 0.1303166756E+00   0.8887624513E-10
 0.1318256716E+00   0.8859051288E-10
 0.1333521409E+00   0.8829967497E-10
 0.1348962859E+00   0.8800388210E-10
 0.1364583113E+00   0.8770329272E-10
 0.1380384241E+00   0.8739817740E-10
 0.1396368337E+00   0.8708589002E-10
 0.1412537520E+00   0.8676499315E-10
 0.1428893934E+00   0.8644003183E-10
 0.1445439746E+00   0.8611114101E-10
 0.1462177149E+00   0.8577845282E-10
 0.1479108363E+00   0.8544209842E-10
 0.1496235631E+00   0.8510220365E-10
 0.1513561223E+00   0.8475895437E-10
 0.1531087436E+00   0.8441192892E-10
 0.1548816593E+00   0.8406091079E-10
 0.1566751043E+00   0.8370686817E-10
 0.1584893166E+00   0.8334991614E-10
 0.1603245363E+00   0.8299016671E-10
 0.1621810070E+00   0.8262772906E-10
 0.1640589745E+00   0.8226271605E-10
 0.1659586879E+00   0.8189521268E-10
 0.1678803990E+00   0.8151960269E-10
 0.1698243624E+00   0.8113289815E-10
 0.1717908358E+00   0.8074436511E-10
 0.1737800800E+00   0.8035409586E-10
 0.1757923584E+00   0.7996217956E-10
 0.1778279380E+00   0.7956870104E-10
 0.1798870885E+00   0.7917375118E-10
 0.1819700828E+00   0.7877742853E-10
 0.1840771971E+00   0.7838207412E-10
 0.1862087106E+00   0.7798898999E-10
 0.1883649058E+00   0.7759463453E-10
 0.1905460686E+00   0.7719908817E-10
 0.1927524881E+00   0.7680242914E-10
 0.1949844567E+00   0.7640473452E-10
 0.1972422703E+00   0.7600608135E-10
 0.1995262282E+00   0.7560650807E-10
 0.2018366330E+00   0.7520204964E-10
 0.2041737911E+00   0.7479060645E-10
 0.2065380122E+00   0.7437872891E-10
 0.2089296096E+00   0.7396648064E-10
 0.2113489005E+00   0.7355392211E-10
 0.2137962054E+00   0.7314110879E-10
 0.2162718488E+00   0.7272810808E-10
 0.2187761588E+00   0.7231490714E-10
 0.2213094673E+00   0.7189471203E-10
 0.2238721102E+00   0.7146390517E-10
 0.2264644271E+00   0.7103354065E-10
 0.2290867615E+00   0.7060366445E-10
 0.2317394612E+00   0.7017432056E-10
 0.2344228777E+00   0.6974555266E-10
 0.2371373667E+00   0.6931740435E-10
 0.2398832880E+00   0.6888986346E-10
 0.2426610056E+00   0.6845693170E-10
 0.2454708876E+00   0.6801540561E-10
 0.2483133065E+00   0.6757501770E-10
 0.2511886391E+00   0.6713579949E-10
 0.2540972665E+00   0.6669777973E-10
 0.2570395742E+00   0.6626098275E-10
 0.2600159521E+00   0.6582544514E-10
 0.2630267950E+00   0.6539118037E-10
 0.2660725017E+00   0.6495512756E-10
 0.2691534761E+00   0.6451564945E-10
 0.2722701265E+00   0.6407772149E-10
 0.2754228660E+00   0.6364136549E-10
 0.2786121124E+00   0.6320660088E-10
 0.2818382887E+00   0.6277344392E-10
 0.2851018222E+00   0.6234192004E-10
 0.2884031457E+00   0.6191188389E-10
 0.2917426968E+00   0.6147687133E-10
 0.2951209180E+00   0.6103347760E-10
 0.2985382572E+00   0.6059217942E-10
 0.3019951673E+00   0.6015298681E-10
 0.3054921065E+00   0.5971590781E-10
 0.3090295384E+00   0.5928094550E-10
 0.3126079318E+00   0.5884811553E-10
 0.3162277611E+00   0.5841736783E-10
 0.3198895060E+00   0.5798271276E-10
 0.3235936519E+00   0.5754094191E-10
 0.3273406898E+00   0.5710168731E-10
 0.3311311163E+00   0.5666494934E-10
 0.3349654340E+00   0.5623072682E-10
 0.3388441509E+00   0.5579901202E-10
 0.3427677812E+00   0.5536981116E-10
 0.3467368451E+00   0.5494300468E-10
 0.3507518685E+00   0.5451226810E-10
 0.3548133838E+00   0.5407424099E-10
 0.3589219291E+00   0.5363909917E-10
 0.3630780492E+00   0.5320683409E-10
 0.3672822949E+00   0.5277743558E-10
 0.3715352234E+00   0.5235088599E-10
 0.3758373985E+00   0.5192718480E-10
 0.3801893905E+00   0.5150629194E-10
 0.3845917762E+00   0.5108398467E-10
 0.3890451391E+00   0.5065798551E-10
 0.3935500695E+00   0.5023504548E-10
 0.3981071645E+00   0.4981515030E-10
 0.4027170282E+00   0.4939828436E-10
 0.4073802716E+00   0.4898442806E-10
 0.4120975129E+00   0.4857357225E-10
 0.4168693772E+00   0.4816555239E-10
 0.4216964971E+00   0.4775455294E-10
 0.4265795124E+00   0.4733750078E-10
 0.4315190703E+00   0.4692373918E-10
 0.4365158257E+00   0.4651324742E-10
 0.4415704407E+00   0.4610600280E-10
 0.4466835855E+00   0.4570197520E-10
 0.4518559376E+00   0.4530115398E-10
 0.4570881828E+00   0.4490344672E-10
 0.4623810145E+00   0.4450410540E-10
 0.4677351343E+00   0.4410058961E-10
 0.4731512519E+00   0.4370048040E-10
 0.4786300852E+00   0.4330375256E-10
 0.4841723604E+00   0.4291038020E-10
 0.4897788121E+00   0.4252033504E-10
 0.4954501835E+00   0.4213359531E-10
 0.5011872262E+00   0.4175003995E-10
 0.5069907008E+00   0.4136529563E-10
 0.5128613764E+00   0.4097703608E-10
 0.5188000313E+00   0.4059224511E-10
 0.5248074526E+00   0.4021089416E-10
 0.5308844365E+00   0.3983295461E-10
 0.5370317885E+00   0.3945839653E-10
 0.5432503236E+00   0.3908719186E-10
 0.5495408658E+00   0.3871918192E-10
 0.5559042492E+00   0.3835084006E-10
 0.5623413170E+00   0.3798031823E-10
 0.5688529226E+00   0.3761325389E-10
 0.5754399290E+00   0.3724961640E-10
 0.5821032094E+00   0.3688937500E-10
 0.5888436469E+00   0.3653249693E-10
 0.5956621349E+00   0.3617895265E-10
 0.6025595774E+00   0.3582865825E-10
 0.6095368885E+00   0.3547727315E-10
 0.6165949930E+00   0.3512246286E-10
 0.6237348265E+00   0.3477112689E-10
 0.6309573355E+00   0.3442323215E-10
 0.6382634771E+00   0.3407874519E-10
 0.6456542198E+00   0.3373763022E-10
 0.6531305433E+00   0.3339985659E-10
 0.6606934386E+00   0.3306530284E-10
 0.6683439081E+00   0.3273087269E-10
 0.6760829658E+00   0.3239492629E-10
 0.6839116376E+00   0.3206238221E-10
 0.6918309611E+00   0.3173320657E-10
 0.6998419861E+00   0.3140736519E-10
 0.7079457744E+00   0.3108482129E-10
 0.7161434001E+00   0.3076554357E-10
 0.7244359499E+00   0.3044941776E-10
 0.7328245229E+00   0.3013473301E-10
 0.7413102309E+00   0.2982059446E-10
 0.7498941989E+00   0.2950969095E-10
 0.7585775644E+00   0.2920200454E-10
 0.7673614787E+00   0.2889749451E-10
 0.7762471058E+00   0.2859612697E-10
 0.7852356237E+00   0.2829787189E-10
 0.7943282237E+00   0.2800260454E-10
 0.8035261111E+00   0.2770770513E-10
 0.8128305049E+00   0.2741179466E-10
 0.8222426386E+00   0.2711902627E-10
 0.8317637597E+00   0.2682936667E-10
 0.8413951301E+00   0.2654278376E-10
 0.8511380265E+00   0.2625924267E-10
 0.8609937404E+00   0.2597871534E-10
 0.8709635780E+00   0.2570111833E-10
 0.8810488610E+00   0.2542212608E-10
 0.8912509260E+00   0.2513940892E-10
 0.9015711253E+00   0.2485983136E-10
 0.9120108270E+00   0.2458335807E-10
 0.9225714146E+00   0.2430995565E-10
 0.9332542882E+00   0.2403958949E-10
 0.9440608635E+00   0.2377222810E-10
 0.9549925731E+00   0.2350777374E-10
 0.9660508660E+00   0.2324388133E-10
 0.9772372078E+00   0.2297930146E-10
 0.9885530814E+00   0.2271773229E-10
 0.9999999866E+00   0.2245913912E-10
 0.1011579441E+01   0.2220348825E-10
 0.1023292979E+01   0.2195074465E-10
 0.1035142153E+01   0.2170087764E-10
 0.1047128534E+01   0.2145379581E-10
 0.1059253711E+01   0.2120697013E-10
 0.1071519291E+01   0.2095904915E-10
 0.1083926900E+01   0.2071402574E-10
 0.1096478182E+01   0.2047186471E-10
 0.1109174801E+01   0.2023253210E-10
 0.1122018440E+01   0.1999599429E-10
 0.1135010801E+01   0.1976222038E-10
 0.1148153606E+01   0.1953113491E-10
 0.1161448599E+01   0.1930050707E-10
 0.1174897540E+01   0.1906913813E-10
 0.1188502212E+01   0.1884053776E-10
 0.1202264419E+01   0.1861467115E-10
 0.1216185985E+01   0.1839149199E-10
 0.1230268755E+01   0.1817099226E-10
 0.1244514596E+01   0.1795312999E-10
 0.1258925395E+01   0.1773781871E-10
 0.1273503065E+01   0.1752193586E-10
 0.1288249535E+01   0.1730380679E-10
 0.1303166762E+01   0.1708837560E-10
 0.1318256722E+01   0.1687560910E-10
 0.1333521415E+01   0.1666547413E-10
 0.1348962865E+01   0.1645793593E-10
 0.1364583119E+01   0.1625296528E-10
 0.1380384247E+01   0.1605050322E-10
 0.1396368343E+01   0.1584714161E-10
 0.1412537527E+01   0.1564103886E-10
 0.1428893940E+01   0.1543757811E-10
 0.1445439752E+01   0.1523672589E-10
 0.1462177156E+01   0.1503844913E-10
 0.1479108369E+01   0.1484275598E-10
 0.1496235637E+01   0.1464952973E-10
 0.1513561229E+01   0.1445874208E-10
 0.1531087442E+01   0.1426729689E-10
 0.1548816599E+01   0.1407352710E-10
 0.1566751050E+01   0.1388232355E-10
 0.1584893173E+01   0.1369365246E-10
 0.1603245371E+01   0.1350748116E-10
 0.1621810077E+01   0.1332377682E-10
 0.1640589753E+01   0.1314250811E-10
 0.1659586887E+01   0.1296362776E-10
 0.1678803997E+01   0.1278213693E-10
 0.1698243631E+01   0.1259532110E-10
 0.1717908366E+01   0.1241110717E-10
 0.1737800807E+01   0.1222946067E-10
 0.1757923592E+01   0.1205035857E-10
 0.1778279388E+01   0.1187374408E-10
 0.1798870893E+01   0.1169959391E-10
 0.1819700836E+01   0.1152784926E-10
 0.1840771979E+01   0.1135525149E-10
 0.1862087114E+01   0.1118003566E-10
 0.1883649067E+01   0.1100734329E-10
 0.1905460695E+01   0.1083713958E-10
 0.1927524890E+01   0.1066939018E-10
 0.1949844576E+01   0.1050406091E-10
 0.1972422712E+01   0.1034111849E-10
 0.1995262291E+01   0.1018051696E-10
 0.2018366339E+01   0.1001849994E-10
 0.2041737920E+01   0.9853023176E-11
 0.2065380131E+01   0.9690022062E-11
 0.2089296106E+01   0.9529461617E-11
 0.2113489015E+01   0.9371307393E-11
 0.2137962064E+01   0.9215525529E-11
 0.2162718498E+01   0.9062082096E-11
 0.2187761598E+01   0.8910934578E-11
 0.2213094683E+01   0.8761404847E-11
 0.2238721112E+01   0.8613115109E-11
 0.2264644281E+01   0.8467072268E-11
 0.2290867626E+01   0.8323244320E-11
 0.2317394623E+01   0.8181599625E-11
 0.2344228788E+01   0.8042106484E-11
 0.2371373678E+01   0.7904734807E-11
 0.2398832891E+01   0.7769452425E-11
 0.2426610067E+01   0.7638054915E-11
 0.2454708887E+01   0.7511502420E-11
 0.2483133076E+01   0.7386846368E-11
 0.2511886402E+01   0.7264059932E-11
 0.2540972676E+01   0.7143116726E-11
 0.2570395753E+01   0.7023990883E-11
 0.2600159533E+01   0.6906656335E-11
 0.2630267962E+01   0.6791076341E-11
 0.2660725029E+01   0.6678656021E-11
 0.2691534773E+01   0.6570152692E-11
 0.2722701277E+01   0.6463258302E-11
 0.2754228672E+01   0.6357950241E-11
 0.2786121137E+01   0.6254206181E-11
 0.2818382899E+01   0.6152003880E-11
 0.2851018235E+01   0.6051321875E-11
 0.2884031470E+01   0.5952136018E-11
 0.2917426981E+01   0.5853861072E-11
 0.2951209193E+01   0.5756172114E-11
 0.2985382585E+01   0.5659952587E-11
 0.3019951686E+01   0.5565181657E-11
 0.3054921079E+01   0.5471838793E-11
 0.3090295398E+01   0.5379903712E-11
 0.3126079332E+01   0.5289356479E-11
 0.3162277625E+01   0.5200170157E-11
 0.3198895074E+01   0.5111382207E-11
 0.3235936533E+01   0.5022466712E-11
 0.3273406912E+01   0.4934917078E-11
 0.3311311178E+01   0.4848713692E-11
 0.3349654355E+01   0.4763837248E-11
 0.3388441524E+01   0.4680268771E-11
 0.3427677828E+01   0.4597989333E-11
 0.3467368466E+01   0.4516981836E-11
 0.3507518701E+01   0.4436814693E-11
 0.3548133853E+01   0.4357244896E-11
 0.3589219307E+01   0.4278915391E-11
 0.3630780508E+01   0.4201808214E-11
 0.3672822965E+01   0.4125905707E-11
 0.3715352251E+01   0.4051190616E-11
 0.3758374002E+01   0.3977645478E-11
 0.3801893922E+01   0.3905248971E-11
 0.3845917779E+01   0.3833461046E-11
 0.3890451408E+01   0.3761983289E-11
 0.3935500712E+01   0.3691639727E-11
 0.3981071663E+01   0.3622413672E-11
 0.4027170300E+01   0.3554288725E-11
 0.4073802735E+01   0.3487248766E-11
 0.4120975147E+01   0.3421277941E-11
 0.4168693790E+01   0.3356362885E-11
 0.4216964990E+01   0.3292474320E-11
 0.4265795143E+01   0.3229588258E-11
 0.4315190723E+01   0.3167710550E-11
 0.4365158276E+01   0.3106826283E-11
 0.4415704427E+01   0.3046920813E-11
 0.4466835875E+01   0.2987979774E-11
 0.4518559396E+01   0.2929988898E-11
 0.4570881848E+01   0.2872933483E-11
 0.4623810166E+01   0.2816459864E-11
 0.4677351364E+01   0.2760370539E-11
 0.4731512540E+01   0.2705196332E-11
 0.4786300874E+01   0.2650923616E-11
 0.4841723626E+01   0.2597538986E-11
 0.4897788143E+01   0.2545029398E-11
 0.4954501857E+01   0.2493381646E-11
 0.5011872285E+01   0.2442586287E-11
 0.5069907031E+01   0.2392642298E-11
 0.5128613787E+01   0.2343541535E-11
 0.5188000336E+01   0.2295251469E-11
 0.5248074549E+01   0.2247759963E-11
 0.5308844388E+01   0.2201055012E-11
 0.5370317909E+01   0.2155124822E-11
 0.5432503260E+01   0.2109957783E-11
 0.5495408683E+01   0.2065544673E-11
 0.5559042517E+01   0.2021915067E-11
 0.5623413195E+01   0.1979078691E-11
 0.5688529251E+01   0.1936958117E-11
 0.5754399316E+01   0.1895542542E-11
 0.5821032120E+01   0.1854821368E-11
 0.5888436495E+01   0.1814784338E-11
 0.5956621376E+01   0.1775420901E-11
 0.6025595801E+01   0.1736722248E-11
 0.6095368912E+01   0.1698746944E-11
 0.6165949958E+01   0.1661521511E-11
 0.6237348293E+01   0.1624925802E-11
 0.6309573383E+01   0.1588950298E-11
 0.6382634799E+01   0.1553585559E-11
 0.6456542227E+01   0.1518822350E-11
 0.6531305463E+01   0.1484651476E-11
 0.6606934416E+01   0.1451066573E-11
 0.6683439111E+01   0.1418190347E-11
 0.6760829688E+01   0.1386083842E-11
 0.6839116407E+01   0.1354526618E-11
 0.6918309642E+01   0.1323510311E-11
 0.6998419893E+01   0.1293026643E-11
 0.7079457776E+01   0.1263067520E-11
 0.7161434033E+01   0.1233624877E-11
 0.7244359531E+01   0.1204694396E-11
 0.7328245261E+01   0.1176539914E-11
 0.7413102342E+01   0.1149298918E-11
 0.7498942022E+01   0.1122527466E-11
 0.7585775678E+01   0.1096218386E-11
 0.7673614821E+01   0.1070364599E-11
 0.7762471093E+01   0.1044959262E-11
 0.7852356272E+01   0.1019995325E-11
 0.7943282273E+01   0.9954696094E-12
 0.8035261147E+01   0.9714662996E-12
 0.8128305086E+01   0.9480259334E-12
 0.8222426423E+01   0.9249949739E-12
 0.8317637634E+01   0.9023671628E-12
 0.8413951338E+01   0.8801362636E-12
 0.8511380303E+01   0.8582962072E-12
 0.8609937442E+01   0.8368408505E-12
 0.8709635819E+01   0.8157664305E-12
 0.8810488649E+01   0.7952737592E-12
 0.8912509300E+01   0.7754678457E-12
 0.9015711294E+01   0.7560112056E-12
 0.9120108310E+01   0.7368984410E-12
 0.9225714188E+01   0.7181242173E-12
 0.9332542923E+01   0.6996833573E-12
 0.9440608677E+01   0.6815706034E-12
 0.9549925774E+01   0.6637842633E-12
 0.9660508703E+01   0.6465148546E-12
 0.9772372122E+01   0.6298614221E-12
 0.9885530858E+01   0.6135045739E-12
 0.9999999911E+01   0.5974397442E-12
 0.1011579445E+02   0.5816623736E-12
 0.1023292983E+02   0.5661680093E-12
 0.1035142157E+02   0.5509521690E-12
 0.1047128539E+02   0.5360126258E-12
 0.1059253716E+02   0.5215596957E-12
 0.1071519296E+02   0.5077042519E-12
 0.1083926904E+02   0.4940977047E-12
 0.1096478187E+02   0.4807362048E-12
 0.1109174806E+02   0.4676159160E-12
 0.1122018445E+02   0.4547331214E-12
 0.1135010806E+02   0.4420840071E-12
 0.1148153612E+02   0.4296670907E-12
 0.1161448604E+02   0.4176586879E-12
 0.1174897545E+02   0.4061515118E-12
 0.1188502217E+02   0.3948530836E-12
 0.1202264424E+02   0.3837601571E-12
 0.1216185990E+02   0.3728694993E-12
 0.1230268760E+02   0.3621779841E-12
 0.1244514601E+02   0.3516823899E-12
 0.1258925401E+02   0.3413817899E-12
 0.1273503070E+02   0.3314303977E-12
 0.1288249541E+02   0.3219091811E-12
 0.1303166767E+02   0.3125625334E-12
 0.1318256727E+02   0.3033877433E-12
 0.1333521421E+02   0.2943820947E-12
 0.1348962871E+02   0.2855429455E-12
 0.1364583125E+02   0.2768675939E-12
 0.1380384253E+02   0.2683557429E-12
 0.1396368349E+02   0.2602030088E-12
 0.1412537533E+02   0.2525129470E-12
 0.1428893947E+02   0.2449648677E-12
 0.1445439759E+02   0.2375565511E-12
 0.1462177162E+02   0.2302857789E-12
 0.1479108376E+02   0.2231504081E-12
 0.1496235644E+02   0.2161482266E-12
 0.1513561236E+02   0.2092795463E-12
 0.1531087449E+02   0.2027217179E-12
 0.1548816606E+02   0.1965685262E-12
 0.1566751057E+02   0.1905296304E-12
 0.1584893180E+02   0.1846032773E-12
 0.1603245378E+02   0.1787877153E-12
 0.1621810084E+02   0.1730811185E-12
 0.1640589760E+02   0.1674817454E-12
 0.1659586894E+02   0.1619889694E-12
 0.1678804005E+02   0.1567334530E-12
 0.1698243639E+02   0.1517846300E-12
 0.1717908374E+02   0.1469286043E-12
 0.1737800815E+02   0.1421638724E-12
 0.1757923600E+02   0.1374889924E-12
 0.1778279396E+02   0.1329026172E-12
 0.1798870901E+02   0.1284032163E-12
 0.1819700844E+02   0.1239909818E-12
 0.1840771987E+02   0.1198024118E-12
 0.1862087122E+02   0.1159099737E-12
 0.1883649075E+02   0.1120909561E-12
 0.1905460703E+02   0.1083441910E-12
 0.1927524898E+02   0.1046685308E-12
 0.1949844585E+02   0.1010628717E-12
 0.1972422721E+02   0.9752606336E-13
 0.1995262300E+02   0.9405842127E-13
 0.2018366348E+02   0.9077517157E-13
 0.2041737929E+02   0.8773745634E-13
 0.2065380140E+02   0.8475739649E-13
 0.2089296115E+02   0.8183407068E-13
 0.2113489024E+02   0.7896657839E-13
 0.2137962074E+02   0.7615406527E-13
 0.2162718508E+02   0.7339561113E-13
 0.2187761608E+02   0.7069128477E-13
 0.2213094693E+02   0.6813378386E-13
 0.2238721122E+02   0.6577242124E-13
 0.2264644291E+02   0.6345619739E-13
 0.2290867636E+02   0.6118438486E-13
 0.2317394633E+02   0.5895628289E-13
 0.2344228798E+02   0.5677120362E-13
 0.2371373688E+02   0.5462843761E-13
 0.2398832902E+02   0.5252825771E-13
 0.2426610078E+02   0.5054871309E-13
 0.2454708898E+02   0.4873124707E-13
 0.2483133087E+02   0.4694876902E-13
 0.2511886414E+02   0.4520071933E-13
 0.2540972687E+02   0.4348654710E-13
 0.2570395764E+02   0.4180573461E-13
 0.2600159545E+02   0.4015771170E-13
 0.2630267973E+02   0.3854281998E-13
 0.2660725041E+02   0.3703418927E-13
 0.2691534785E+02   0.3567072346E-13
 0.2722701289E+02   0.3433362252E-13
 0.2754228684E+02   0.3302246167E-13
 0.2786121149E+02   0.3173682622E-13
 0.2818382912E+02   0.3047632785E-13
 0.2851018248E+02   0.2924053346E-13
 0.2884031483E+02   0.2802958845E-13
 0.2917426994E+02   0.2689543685E-13
 0.2951209206E+02   0.2586574169E-13
 0.2985382599E+02   0.2485609726E-13
 0.3019951700E+02   0.2386617966E-13
 0.3054921093E+02   0.2289567158E-13
 0.3090295412E+02   0.2194427014E-13
 0.3126079346E+02   0.2101165301E-13
 0.3162277639E+02   0.2009822408E-13
 0.3198895088E+02   0.1924756331E-13
 0.3235936548E+02   0.1848273802E-13
 0.3273406927E+02   0.1773290134E-13
 0.3311311193E+02   0.1699781031E-13
 0.3349654369E+02   0.1627722862E-13
 0.3388441539E+02   0.1557093709E-13
 0.3427677843E+02   0.1487868329E-13
 0.3467368482E+02   0.1420061999E-13
 0.3507518717E+02   0.1357500227E-13
 0.3548133869E+02   0.1302225400E-13
 0.3589219323E+02   0.1248038358E-13
 0.3630780524E+02   0.1194921354E-13
 0.3672822981E+02   0.1142857166E-13
 0.3715352267E+02   0.1091829692E-13
 0.3758374019E+02   0.1041820756E-13
 0.3801893939E+02   0.9928565301E-14
 0.3845917796E+02   0.9478846572E-14
 0.3890451425E+02   0.9084704156E-14
 0.3935500730E+02   0.8698344798E-14
 0.3981071681E+02   0.8319641939E-14
 0.4027170318E+02   0.7948472314E-14
 0.4073802753E+02   0.7584720204E-14
 0.4120975165E+02   0.7228254753E-14
 0.4168693809E+02   0.6879266403E-14
 0.4216965008E+02   0.6555945299E-14
 0.4265795162E+02   0.6267914576E-14
 0.4315190742E+02   0.5985622204E-14
 0.4365158296E+02   0.5708972879E-14
 0.4415704447E+02   0.5437875080E-14
 0.4466835895E+02   0.5172245854E-14
 0.4518559417E+02   0.4911985996E-14
 0.4570881869E+02   0.4657236647E-14
 0.4623810186E+02   0.4425883319E-14
 0.4677351385E+02   0.4227447018E-14
 0.4731512562E+02   0.4032974088E-14
 0.4786300895E+02   0.3842401668E-14
 0.4841723647E+02   0.3655664200E-14
 0.4897788165E+02   0.3472705755E-14
 0.4954501879E+02   0.3293457202E-14
 0.5011872307E+02   0.3118104239E-14
 0.5069907053E+02   0.2957904472E-14
 0.5128613810E+02   0.2818786647E-14
 0.5188000359E+02   0.2682466582E-14
 0.5248074572E+02   0.2548898305E-14
 0.5308844412E+02   0.2418037480E-14
 0.5370317933E+02   0.2289844337E-14
 0.5432503284E+02   0.2164269586E-14
 0.5495408708E+02   0.2041413154E-14
 0.5559042542E+02   0.1930333978E-14
 0.5623413220E+02   0.1835838794E-14
 0.5688529277E+02   0.1743254225E-14
 0.5754399341E+02   0.1652548915E-14
 0.5821032146E+02   0.1563693172E-14
 0.5888436521E+02   0.1476660588E-14
 0.5956621403E+02   0.1391416486E-14
 0.6025595828E+02   0.1308036101E-14
 0.6095368939E+02   0.1233129264E-14
 0.6165949985E+02   0.1170203743E-14
 0.6237348321E+02   0.1108557418E-14
 0.6309573411E+02   0.1048169226E-14
 0.6382634828E+02   0.9890188561E-15
 0.6456542256E+02   0.9310878516E-15
 0.6531305492E+02   0.8743538908E-15
 0.6606934445E+02   0.8189158323E-15
 0.6683439141E+02   0.7698318687E-15
 0.6760829719E+02   0.7297644983E-15
 0.6839116437E+02   0.6905136542E-15
 0.6918309673E+02   0.6520658928E-15
 0.6998419924E+02   0.6144082769E-15
 0.7079457807E+02   0.5775294548E-15
 0.7161434065E+02   0.5414145245E-15
 0.7244359564E+02   0.5061070337E-15
 0.7328245294E+02   0.4744101651E-15
 0.7413102376E+02   0.4478044222E-15
 0.7498942056E+02   0.4217458426E-15
 0.7585775712E+02   0.3962252990E-15
 0.7673614855E+02   0.3712340250E-15
 0.7762471128E+02   0.3467640895E-15
 0.7852356307E+02   0.3228058105E-15
 0.7943282308E+02   0.2994003480E-15
 0.8035261183E+02   0.2789881160E-15
 0.8128305122E+02   0.2628588857E-15
 0.8222426460E+02   0.2470626385E-15
 0.8317637671E+02   0.2315936429E-15
 0.8413951376E+02   0.2164467459E-15
 0.8511380341E+02   0.2016175970E-15
 0.8609937481E+02   0.1870996361E-15
 0.8709635858E+02   0.1729190727E-15
 0.8810488689E+02   0.1607973325E-15
 0.8912509340E+02   0.1516468677E-15
 0.9015711334E+02   0.1426848668E-15
 0.9120108351E+02   0.1339082145E-15
 0.9225714229E+02   0.1253139714E-15
 0.9332542965E+02   0.1168995466E-15
 0.9440608720E+02   0.1086614322E-15
 0.9549925817E+02   0.1006277705E-15
 0.9660508746E+02   0.9373253042E-16
 0.9772372165E+02   0.8846215676E-16
 0.9885530902E+02   0.8330019070E-16
 0.9999999955E+02   0.7824484086E-16
 0.1011579450E+03   0.7329427110E-16
 0.1023292988E+03   0.6844721178E-16
 0.1035142162E+03   0.6370161454E-16
 0.1047128543E+03   0.5906869840E-16
 0.1059253721E+03   0.5518989065E-16
 0.1071519301E+03   0.5240446072E-16
 0.1083926909E+03   0.4967559863E-16
 0.1096478191E+03   0.4700236708E-16
 0.1109174811E+03   0.4438391629E-16
 0.1122018450E+03   0.4181970875E-16
 0.1135010811E+03   0.3930841437E-16
 0.1148153617E+03   0.3686220077E-16
 0.1161448609E+03   0.3475907330E-16
 0.1174897550E+03   0.3314153653E-16
 0.1188502223E+03   0.3155648985E-16
 0.1202264430E+03   0.3000341045E-16
 0.1216185996E+03   0.2848177037E-16
 0.1230268766E+03   0.2699103788E-16
 0.1244514607E+03   0.2553071862E-16
 0.1258925407E+03   0.2410581580E-16
 0.1273503076E+03   0.2290543161E-16
 0.1288249547E+03   0.2202857500E-16
 0.1303166773E+03   0.2116881224E-16
 0.1318256733E+03   0.2032585674E-16
 0.1333521427E+03   0.1949949107E-16
 0.1348962877E+03   0.1868972475E-16
 0.1364583131E+03   0.1789595626E-16
 0.1380384259E+03   0.1711881263E-16
 0.1396368356E+03   0.1622009780E-16
 0.1412537539E+03   0.1512421856E-16
 0.1428893953E+03   0.1405130154E-16
 0.1445439765E+03   0.1300096627E-16
 0.1462177169E+03   0.1197295844E-16
 0.1479108383E+03   0.1096686195E-16
 0.1496235651E+03   0.9982230012E-17
 0.1513561243E+03   0.9025085862E-17
 0.1531087456E+03   0.8411219837E-17
 0.1548816613E+03   0.8307887187E-17
 0.1566751064E+03   0.8205818080E-17
 0.1584893187E+03   0.8104997126E-17
 0.1603245385E+03   0.0000000000E+00
 0.1621810092E+03   0.0000000000E+00
 0.1640589767E+03   0.0000000000E+00
 0.1659586902E+03   0.0000000000E+00
 0.1678804012E+03   0.0000000000E+00
 0.1698243647E+03   0.0000000000E+00
 0.1717908381E+03   0.0000000000E+00
 0.1737800823E+03   0.0000000000E+00
 0.1757923608E+03   0.0000000000E+00
 0.1778279404E+03   0.0000000000E+00
 0.1798870909E+03   0.0000000000E+00
 0.1819700853E+03   0.0000000000E+00
 0.1840771995E+03   0.0000000000E+00
 0.1862087131E+03   0.0000000000E+00
 0.1883649083E+03   0.0000000000E+00
 0.1905460712E+03   0.0000000000E+00
 0.1927524907E+03   0.0000000000E+00
 0.1949844594E+03   0.0000000000E+00
 0.1972422730E+03   0.0000000000E+00
 0.1995262309E+03   0.0000000000E+00
 0.2018366357E+03   0.0000000000E+00
 0.2041737938E+03   0.0000000000E+00
 0.2065380149E+03   0.0000000000E+00
 0.2089296125E+03   0.0000000000E+00
 0.2113489033E+03   0.0000000000E+00
 0.2137962083E+03   0.0000000000E+00
 0.2162718517E+03   0.0000000000E+00
 0.2187761617E+03   0.0000000000E+00
 0.2213094703E+03   0.0000000000E+00
 0.2238721132E+03   0.0000000000E+00
 0.2264644301E+03   0.0000000000E+00
 0.2290867646E+03   0.0000000000E+00
 0.2317394643E+03   0.0000000000E+00
 0.2344228809E+03   0.0000000000E+00
 0.2371373699E+03   0.0000000000E+00
 0.2398832912E+03   0.0000000000E+00
 0.2426610088E+03   0.0000000000E+00
 0.2454708909E+03   0.0000000000E+00
 0.2483133099E+03   0.0000000000E+00
 0.2511886425E+03   0.0000000000E+00
 0.2540972699E+03   0.0000000000E+00
 0.2570395776E+03   0.0000000000E+00
 0.2600159556E+03   0.0000000000E+00
 0.2630267985E+03   0.0000000000E+00
 0.2660725053E+03   0.0000000000E+00
 0.2691534797E+03   0.0000000000E+00
 0.2722701301E+03   0.0000000000E+00
 0.2754228696E+03   0.0000000000E+00
 0.2786121162E+03   0.0000000000E+00
 0.2818382924E+03   0.0000000000E+00
 0.2851018261E+03   0.0000000000E+00
 0.2884031496E+03   0.0000000000E+00
 0.2917427007E+03   0.0000000000E+00
 0.2951209220E+03   0.0000000000E+00
 0.2985382612E+03   0.0000000000E+00
 0.3019951713E+03   0.0000000000E+00
 0.3054921106E+03   0.0000000000E+00
 0.3090295425E+03   0.0000000000E+00
 0.3126079360E+03   0.0000000000E+00
 0.3162277653E+03   0.0000000000E+00
 0.3198895103E+03   0.0000000000E+00
 0.3235936562E+03   0.0000000000E+00
 0.3273406942E+03   0.0000000000E+00
 0.3311311208E+03   0.0000000000E+00
 0.3349654384E+03   0.0000000000E+00
 0.3388441554E+03   0.0000000000E+00
 0.3427677858E+03   0.0000000000E+00
 0.3467368497E+03   0.0000000000E+00
 0.3507518732E+03   0.0000000000E+00
 0.3548133885E+03   0.0000000000E+00
 0.3589219339E+03   0.0000000000E+00
 0.3630780541E+03   0.0000000000E+00
 0.3672822998E+03   0.0000000000E+00
 0.3715352284E+03   0.0000000000E+00
 0.3758374036E+03   0.0000000000E+00
 0.3801893956E+03   0.0000000000E+00
 0.3845917813E+03   0.0000000000E+00
 0.3890451443E+03   0.0000000000E+00
 0.3935500747E+03   0.0000000000E+00
 0.3981071698E+03   0.0000000000E+00
 0.4027170336E+03   0.0000000000E+00
 0.4073802771E+03   0.0000000000E+00
 0.4120975184E+03   0.0000000000E+00
 0.4168693828E+03   0.0000000000E+00
 0.4216965027E+03   0.0000000000E+00
 0.4265795181E+03   0.0000000000E+00
 0.4315190761E+03   0.0000000000E+00
 0.4365158315E+03   0.0000000000E+00
 0.4415704467E+03   0.0000000000E+00
 0.4466835915E+03   0.0000000000E+00
 0.4518559437E+03   0.0000000000E+00
 0.4570881889E+03   0.0000000000E+00
 0.4623810207E+03   0.0000000000E+00
 0.4677351406E+03   0.0000000000E+00
 0.4731512583E+03   0.0000000000E+00
 0.4786300916E+03   0.0000000000E+00
 0.4841723669E+03   0.0000000000E+00
 0.4897788187E+03   0.0000000000E+00
 0.4954501901E+03   0.0000000000E+00
 0.5011872330E+03   0.0000000000E+00
 0.5069907076E+03   0.0000000000E+00
 0.5128613833E+03   0.0000000000E+00
 0.5188000383E+03   0.0000000000E+00
 0.5248074596E+03   0.0000000000E+00
 0.5308844436E+03   0.0000000000E+00
 0.5370317957E+03   0.0000000000E+00
 0.5432503308E+03   0.0000000000E+00
 0.5495408732E+03   0.0000000000E+00
 0.5559042566E+03   0.0000000000E+00
 0.5623413246E+03   0.0000000000E+00
 0.5688529302E+03   0.0000000000E+00
 0.5754399367E+03   0.0000000000E+00
 0.5821032172E+03   0.0000000000E+00
 0.5888436548E+03   0.0000000000E+00
 0.5956621429E+03   0.0000000000E+00
 0.6025595855E+03   0.0000000000E+00
 0.6095368967E+03   0.0000000000E+00
 0.6165950013E+03   0.0000000000E+00
 0.6237348349E+03   0.0000000000E+00
 0.6309573439E+03   0.0000000000E+00
 0.6382634856E+03   0.0000000000E+00
 0.6456542285E+03   0.0000000000E+00
 0.6531305521E+03   0.0000000000E+00
 0.6606934475E+03   0.0000000000E+00
 0.6683439170E+03   0.0000000000E+00
 0.6760829749E+03   0.0000000000E+00
 0.6839116468E+03   0.0000000000E+00
 0.6918309704E+03   0.0000000000E+00
 0.6998419955E+03   0.0000000000E+00
 0.7079457839E+03   0.0000000000E+00
 0.7161434097E+03   0.0000000000E+00
 0.7244359596E+03   0.0000000000E+00
 0.7328245327E+03   0.0000000000E+00
 0.7413102409E+03   0.0000000000E+00
 0.7498942089E+03   0.0000000000E+00
 0.7585775746E+03   0.0000000000E+00
 0.7673614890E+03   0.0000000000E+00
 0.7762471162E+03   0.0000000000E+00
 0.7852356342E+03   0.0000000000E+00
 0.7943282344E+03   0.0000000000E+00
 0.8035261218E+03   0.0000000000E+00
 0.8128305158E+03   0.0000000000E+00
 0.8222426496E+03   0.0000000000E+00
 0.8317637708E+03   0.0000000000E+00
 0.8413951414E+03   0.0000000000E+00
 0.8511380379E+03   0.0000000000E+00
 0.8609937519E+03   0.0000000000E+00
 0.8709635897E+03   0.0000000000E+00
 0.8810488728E+03   0.0000000000E+00
 0.8912509379E+03   0.0000000000E+00
 0.9015711374E+03   0.0000000000E+00
 0.9120108392E+03   0.0000000000E+00
 0.9225714270E+03   0.0000000000E+00
 0.9332543007E+03   0.0000000000E+00
 0.9440608762E+03   0.0000000000E+00
 0.9549925859E+03   0.0000000000E+00
 0.9660508789E+03   0.0000000000E+00
 0.9772372209E+03   0.0000000000E+00
 0.9885530946E+03   0.0000000000E+00
 0.1000000000E+04   0.0000000000E+00
