3.000000000000000E+01   3.020305977878170E+01
3.020305977878170E+01   3.040749400002200E+01
3.040749400002200E+01   3.061331196685360E+01
3.061331196685360E+01   3.082052304537910E+01
3.082052304537910E+01   3.102913666509670E+01
3.102913666509670E+01   3.123916231933010E+01
3.123916231933010E+01   3.145060956565970E+01
3.145060956565970E+01   3.166348802635810E+01
3.166348802635810E+01   3.187780738882770E+01
3.187780738882770E+01   3.209357740604170E+01
3.209357740604170E+01   3.231080789698780E+01
3.231080789698780E+01   3.252950874711510E+01
3.252950874711510E+01   3.274968990878400E+01
3.274968990878400E+01   3.297136140171890E+01
3.297136140171890E+01   3.319453331346430E+01
3.319453331346430E+01   3.341921579984410E+01
3.341921579984410E+01   3.364541908542320E+01
3.364541908542320E+01   3.387315346397330E+01
3.387315346397330E+01   3.410242929894100E+01
3.410242929894100E+01   3.433325702391970E+01
3.433325702391970E+01   3.456564714312410E+01
3.456564714312410E+01   3.479961023186830E+01
3.479961023186830E+01   3.503515693704740E+01
3.503515693704740E+01   3.527229797762130E+01
3.527229797762130E+01   3.551104414510320E+01
3.551104414510320E+01   3.575140630405020E+01
3.575140630405020E+01   3.599339539255810E+01
3.599339539255810E+01   3.623702242275850E+01
3.623702242275850E+01   3.648229848132090E+01
3.648229848132090E+01   3.672923472995640E+01
3.672923472995640E+01   3.697784240592590E+01
3.697784240592590E+01   3.722813282255160E+01
3.722813282255160E+01   3.748011736973170E+01
3.748011736973170E+01   3.773380751445860E+01
3.773380751445860E+01   3.798921480134110E+01
3.798921480134110E+01   3.824635085312950E+01
3.824635085312950E+01   3.850522737124420E+01
3.850522737124420E+01   3.876585613630900E+01
3.876585613630900E+01   3.902824900868640E+01
3.902824900868640E+01   3.929241792901770E+01
3.929241792901770E+01   3.955837491876650E+01
3.955837491876650E+01   3.982613208076540E+01
3.982613208076540E+01   4.009570159976700E+01
4.009570159976700E+01   4.036709574299850E+01
4.036709574299850E+01   4.064032686071960E+01
4.064032686071960E+01   4.091540738678470E+01
4.091540738678470E+01   4.119234983920880E+01
4.119234983920880E+01   4.147116682073700E+01
4.147116682073700E+01   4.175187101941820E+01
4.175187101941820E+01   4.203447520918230E+01
4.203447520918230E+01   4.231899225042170E+01
4.231899225042170E+01   4.260543509057610E+01
4.260543509057610E+01   4.289381676472250E+01
4.289381676472250E+01   4.318415039616730E+01
4.318415039616730E+01   4.347644919704470E+01
4.347644919704470E+01   4.377072646891680E+01
4.377072646891680E+01   4.406699560337990E+01
4.406699560337990E+01   4.436527008267300E+01
4.436527008267300E+01   4.466556348029230E+01
4.466556348029230E+01   4.496788946160780E+01
4.496788946160780E+01   4.527226178448620E+01
4.527226178448620E+01   4.557869429991640E+01
4.557869429991640E+01   4.588720095263970E+01
4.588720095263970E+01   4.619779578178480E+01
4.619779578178480E+01   4.651049292150640E+01
4.651049292150640E+01   4.682530660162870E+01
4.682530660162870E+01   4.714225114829240E+01
4.714225114829240E+01   4.746134098460710E+01
4.746134098460710E+01   4.778259063130760E+01
4.778259063130760E+01   4.810601470741460E+01
4.810601470741460E+01   4.843162793089980E+01
4.843162793089980E+01   4.875944511935590E+01
4.875944511935590E+01   4.908948119067100E+01
4.908948119067100E+01   4.942175116370720E+01
4.942175116370720E+01   4.975627015898400E+01
4.975627015898400E+01   5.009305339936690E+01
5.009305339936690E+01   5.043211621075930E+01
5.043211621075930E+01   5.077347402280090E+01
5.077347402280090E+01   5.111714236956920E+01
5.111714236956920E+01   5.146313689028640E+01
5.146313689028640E+01   5.181147333003140E+01
5.181147333003140E+01   5.216216754045640E+01
5.216216754045640E+01   5.251523548050760E+01
5.251523548050760E+01   5.287069321715230E+01
5.287069321715230E+01   5.322855692610920E+01
5.322855692610920E+01   5.358884289258540E+01
5.358884289258540E+01   5.395156751201650E+01
5.395156751201650E+01   5.431674729081370E+01
5.431674729081370E+01   5.468439884711410E+01
5.468439884711410E+01   5.505453891153750E+01
5.505453891153750E+01   5.542718432794760E+01
5.542718432794760E+01   5.580235205421850E+01
5.580235205421850E+01   5.618005916300600E+01
5.618005916300600E+01   5.656032284252540E+01
5.656032284252540E+01   5.694316039733280E+01
5.694316039733280E+01   5.732858924911320E+01
5.732858924911320E+01   5.771662693747290E+01
5.771662693747290E+01   5.810729112073780E+01
5.810729112073780E+01   5.850059957675710E+01
5.850059957675710E+01   5.889657020371210E+01
5.889657020371210E+01   5.929522102093100E+01
5.929522102093100E+01   5.969657016970830E+01
5.969657016970830E+01   6.010063591413120E+01
6.010063591413120E+01   6.050743664190990E+01
6.050743664190990E+01   6.091699086521490E+01
6.091699086521490E+01   6.132931722151950E+01
6.132931722151950E+01   6.174443447444720E+01
6.174443447444720E+01   6.216236151462660E+01
6.216236151462660E+01   6.258311736055010E+01
6.258311736055010E+01   6.300672115944020E+01
6.300672115944020E+01   6.343319218812000E+01
6.343319218812000E+01   6.386254985389110E+01
6.386254985389110E+01   6.429481369541659E+01
6.429481369541659E+01   6.473000338361000E+01
6.473000338361000E+01   6.516813872253040E+01
6.516813872253040E+01   6.560923965028410E+01
6.560923965028410E+01   6.605332623993139E+01
6.605332623993139E+01   6.650041870040050E+01
6.650041870040050E+01   6.695053737740690E+01
6.695053737740690E+01   6.740370275437930E+01
6.740370275437930E+01   6.785993545339160E+01
6.785993545339160E+01   6.831925623610179E+01
6.831925623610179E+01   6.878168600469610E+01
6.878168600469610E+01   6.924724580284089E+01
6.924724580284089E+01   6.971595681663980E+01
6.971595681663980E+01   7.018784037559770E+01
7.018784037559770E+01   7.066291795359220E+01
7.066291795359220E+01   7.114121116984960E+01
7.114121116984960E+01   7.162274178992990E+01
7.162274178992990E+01   7.210753172671660E+01
7.210753172671660E+01   7.259560304141390E+01
7.259560304141390E+01   7.308697794455099E+01
7.308697794455099E+01   7.358167879699241E+01
7.358167879699241E+01   7.407972811095570E+01
7.407972811095570E+01   7.458114855103631E+01
7.458114855103631E+01   7.508596293523820E+01
7.508596293523820E+01   7.559419423601280E+01
7.559419423601280E+01   7.610586558130420E+01
7.610586558130420E+01   7.662100025560180E+01
7.662100025560180E+01   7.713962170099960E+01
7.713962170099960E+01   7.766175351826320E+01
7.766175351826320E+01   7.818741946790369E+01
7.818741946790369E+01   7.871664347125910E+01
7.871664347125910E+01   7.924944961158270E+01
7.924944961158270E+01   7.978586213513930E+01
7.978586213513930E+01   8.032590545230821E+01
8.032590545230821E+01   8.086960413869430E+01
8.086960413869430E+01   8.141698293624640E+01
8.141698293624640E+01   8.196806675438330E+01
8.196806675438330E+01   8.252288067112680E+01
8.252288067112680E+01   8.308144993424369E+01
8.308144993424369E+01   8.364379996239390E+01
8.364379996239390E+01   8.420995634628800E+01
8.420995634628800E+01   8.477994484985111E+01
8.477994484985111E+01   8.535379141139551E+01
8.535379141139551E+01   8.593152214480131E+01
8.593152214480131E+01   8.651316334070449E+01
8.651316334070449E+01   8.709874146769340E+01
8.709874146769340E+01   8.768828317351310E+01
8.768828317351310E+01   8.828181528627840E+01
8.828181528627840E+01   8.887936481569430E+01
8.887936481569430E+01   8.948095895428530E+01
8.948095895428530E+01   9.008662507863291E+01
9.008662507863291E+01   9.069639075062140E+01
9.069639075062140E+01   9.131028371869201E+01
9.131028371869201E+01   9.192833191910560E+01
9.192833191910560E+01   9.255056347721440E+01
9.255056347721440E+01   9.317700670874110E+01
9.317700670874110E+01   9.380769012106830E+01
9.380769012106830E+01   9.444264241453510E+01
9.444264241453510E+01   9.508189248374350E+01
9.508189248374350E+01   9.572546941887320E+01
9.572546941887320E+01   9.637340250700549E+01
9.637340250700549E+01   9.702572123345580E+01
9.702572123345580E+01   9.768245528311570E+01
9.768245528311570E+01   9.834363454180370E+01
9.834363454180370E+01   9.900928909762520E+01
9.900928909762520E+01   9.967944924234160E+01
9.967944924234160E+01   1.003541454727490E+02
1.003541454727490E+02   1.010334084920670E+02
1.010334084920670E+02   1.017172692113320E+02
1.017172692113320E+02   1.024057587508090E+02
1.024057587508090E+02   1.030989084414060E+02
1.030989084414060E+02   1.037967498260980E+02
1.037967498260980E+02   1.044993146613630E+02
1.044993146613630E+02   1.052066349186280E+02
1.052066349186280E+02   1.059187427857260E+02
1.059187427857260E+02   1.066356706683570E+02
1.066356706683570E+02   1.073574511915620E+02
1.073574511915620E+02   1.080841172012120E+02
1.080841172012120E+02   1.088157017655020E+02
1.088157017655020E+02   1.095522381764510E+02
1.095522381764510E+02   1.102937599514230E+02
1.102937599514230E+02   1.110403008346470E+02
1.110403008346470E+02   1.117918947987580E+02
1.117918947987580E+02   1.125485760463390E+02
1.125485760463390E+02   1.133103790114780E+02
1.133103790114780E+02   1.140773383613360E+02
1.140773383613360E+02   1.148494889977240E+02
1.148494889977240E+02   1.156268660586930E+02
1.156268660586930E+02   1.164095049201300E+02
1.164095049201300E+02   1.171974411973690E+02
1.171974411973690E+02   1.179907107468120E+02
1.179907107468120E+02   1.187893496675640E+02
1.187893496675640E+02   1.195933943030670E+02
1.195933943030670E+02   1.204028812427650E+02
1.204028812427650E+02   1.212178473237600E+02
1.212178473237600E+02   1.220383296324910E+02
1.220383296324910E+02   1.228643655064270E+02
1.228643655064270E+02   1.236959925357560E+02
1.236959925357560E+02   1.245332485651060E+02
1.245332485651060E+02   1.253761716952590E+02
1.253761716952590E+02   1.262248002848900E+02
1.262248002848900E+02   1.270791729523100E+02
1.270791729523100E+02   1.279393285772250E+02
1.279393285772250E+02   1.288053063025040E+02
1.288053063025040E+02   1.296771455359610E+02
1.296771455359610E+02   1.305548859521460E+02
1.305548859521460E+02   1.314385674941570E+02
1.314385674941570E+02   1.323282303754480E+02
1.323282303754480E+02   1.332239150816690E+02
1.332239150816690E+02   1.341256623724990E+02
1.341256623724990E+02   1.350335132835090E+02
1.350335132835090E+02   1.359475091280240E+02
1.359475091280240E+02   1.368676914990060E+02
1.368676914990060E+02   1.377941022709450E+02
1.377941022709450E+02   1.387267836017630E+02
1.387267836017630E+02   1.396657779347390E+02
1.396657779347390E+02   1.406111280004320E+02
1.406111280004320E+02   1.415628768186320E+02
1.415628768186320E+02   1.425210677003150E+02
1.425210677003150E+02   1.434857442496140E+02
1.434857442496140E+02   1.444569503658020E+02
1.444569503658020E+02   1.454347302452940E+02
1.454347302452940E+02   1.464191283836530E+02
1.464191283836530E+02   1.474101895776200E+02
1.474101895776200E+02   1.484079589271460E+02
1.484079589271460E+02   1.494124818374520E+02
1.494124818374520E+02   1.504238040210900E+02
1.504238040210900E+02   1.514419715000240E+02
1.514419715000240E+02   1.524670306077260E+02
1.524670306077260E+02   1.534990279912830E+02
1.534990279912830E+02   1.545380106135200E+02
1.545380106135200E+02   1.555840257551380E+02
1.555840257551380E+02   1.566371210168640E+02
1.566371210168640E+02   1.576973443216200E+02
1.576973443216200E+02   1.587647439167010E+02
1.587647439167010E+02   1.598393683759690E+02
1.598393683759690E+02   1.609212666020700E+02
1.609212666020700E+02   1.620104878286530E+02
1.620104878286530E+02   1.631070816226130E+02
1.631070816226130E+02   1.642110978863460E+02
1.642110978863460E+02   1.653225868600230E+02
1.653225868600230E+02   1.664415991238700E+02
1.664415991238700E+02   1.675681856004750E+02
1.675681856004750E+02   1.687023975571050E+02
1.687023975571050E+02   1.698442866080340E+02
1.698442866080340E+02   1.709939047168990E+02
1.709939047168990E+02   1.721513041990600E+02
1.721513041990600E+02   1.733165377239820E+02
1.733165377239820E+02   1.744896583176290E+02
1.744896583176290E+02   1.756707193648850E+02
1.756707193648850E+02   1.768597746119730E+02
1.768597746119730E+02   1.780568781689090E+02
1.780568781689090E+02   1.792620845119610E+02
1.792620845119610E+02   1.804754484861250E+02
1.804754484861250E+02   1.816970253076290E+02
1.816970253076290E+02   1.829268705664380E+02
1.829268705664380E+02   1.841650402287860E+02
1.841650402287860E+02   1.854115906397250E+02
1.854115906397250E+02   1.866665785256870E+02
1.866665785256870E+02   1.879300609970660E+02
1.879300609970660E+02   1.892020955508150E+02
1.892020955508150E+02   1.904827400730680E+02
1.904827400730680E+02   1.917720528417670E+02
1.917720528417670E+02   1.930700925293180E+02
1.930700925293180E+02   1.943769182052640E+02
1.943769182052640E+02   1.956925893389650E+02
1.956925893389650E+02   1.970171658023110E+02
1.970171658023110E+02   1.983507078724440E+02
1.983507078724440E+02   1.996932762345030E+02
1.996932762345030E+02   2.010449319843820E+02
2.010449319843820E+02   2.024057366315130E+02
2.024057366315130E+02   2.037757521016640E+02
2.037757521016640E+02   2.051550407397590E+02
2.051550407397590E+02   2.065436653127110E+02
2.065436653127110E+02   2.079416890122820E+02
2.079416890122820E+02   2.093491754579600E+02
2.093491754579600E+02   2.107661886998470E+02
2.107661886998470E+02   2.121927932215820E+02
2.121927932215820E+02   2.136290539432700E+02
2.136290539432700E+02   2.150750362244390E+02
2.150750362244390E+02   2.165308058670120E+02
2.165308058670120E+02   2.179964291183040E+02
2.179964291183040E+02   2.194719726740360E+02
2.194719726740360E+02   2.209575036813680E+02
2.209575036813680E+02   2.224530897419580E+02
2.224530897419580E+02   2.239587989150350E+02
2.239587989150350E+02   2.254746997204980E+02
2.254746997204980E+02   2.270008611420350E+02
2.270008611420350E+02   2.285373526302600E+02
2.285373526302600E+02   2.300842441058750E+02
2.300842441058750E+02   2.316416059628510E+02
2.316416059628510E+02   2.332095090716330E+02
2.332095090716330E+02   2.347880247823620E+02
2.347880247823620E+02   2.363772249281250E+02
2.363772249281250E+02   2.379771818282220E+02
2.379771818282220E+02   2.395879682914600E+02
2.395879682914600E+02   2.412096576194600E+02
2.412096576194600E+02   2.428423236100010E+02
2.428423236100010E+02   2.444860405603700E+02
2.444860405603700E+02   2.461408832707500E+02
2.461408832707500E+02   2.478069270476190E+02
2.478069270476190E+02   2.494842477071810E+02
2.494842477071810E+02   2.511729215788120E+02
2.511729215788120E+02   2.528730255085370E+02
2.528730255085370E+02   2.545846368625240E+02
2.545846368625240E+02   2.563078335306080E+02
2.563078335306080E+02   2.580426939298320E+02
2.580426939298320E+02   2.597892970080190E+02
2.597892970080190E+02   2.615477222473630E+02
2.615477222473630E+02   2.633180496680430E+02
2.633180496680430E+02   2.651003598318700E+02
2.651003598318700E+02   2.668947338459500E+02
2.668947338459500E+02   2.687012533663750E+02
2.687012533663750E+02   2.705200006019390E+02
2.705200006019390E+02   2.723510583178810E+02
2.723510583178810E+02   2.741945098396470E+02
2.741945098396470E+02   2.760504390566870E+02
2.760504390566870E+02   2.779189304262680E+02
2.779189304262680E+02   2.798000689773210E+02
2.798000689773210E+02   2.816939403143090E+02
2.816939403143090E+02   2.836006306211210E+02
2.836006306211210E+02   2.855202266649960E+02
2.855202266649960E+02   2.874528158004720E+02
2.874528158004720E+02   2.893984859733600E+02
2.893984859733600E+02   2.913573257247430E+02
2.913573257247430E+02   2.933294241950130E+02
2.933294241950130E+02   2.953148711279190E+02
2.953148711279190E+02   2.973137568746580E+02
2.973137568746580E+02   2.993261723979820E+02
2.993261723979820E+02   3.013522092763390E+02
3.013522092763390E+02   3.033919597080390E+02
3.033919597080390E+02   3.054455165154540E+02
3.054455165154540E+02   3.075129731492370E+02
3.075129731492370E+02   3.095944236925760E+02
3.095944236925760E+02   3.116899628654780E+02
3.116899628654780E+02   3.137996860290760E+02
3.137996860290760E+02   3.159236891899700E+02
3.159236891899700E+02   3.180620690045970E+02
3.180620690045970E+02   3.202149227836270E+02
3.202149227836270E+02   3.223823484963950E+02
3.223823484963950E+02   3.245644447753550E+02
3.245644447753550E+02   3.267613109205710E+02
3.267613109205710E+02   3.289730469042360E+02
3.289730469042360E+02   3.311997533752190E+02
3.311997533752190E+02   3.334415316636500E+02
3.334415316636500E+02   3.356984837855240E+02
3.356984837855240E+02   3.379707124473520E+02
3.379707124473520E+02   3.402583210508270E+02
3.402583210508270E+02   3.425614136975340E+02
3.425614136975340E+02   3.448800951936860E+02
3.448800951936860E+02   3.472144710548930E+02
3.472144710548930E+02   3.495646475109670E+02
3.495646475109670E+02   3.519307315107490E+02
3.519307315107490E+02   3.543128307269840E+02
3.543128307269840E+02   3.567110535612150E+02
3.567110535612150E+02   3.591255091487190E+02
3.591255091487190E+02   3.615563073634720E+02
3.615563073634720E+02   3.640035588231500E+02
3.640035588231500E+02   3.664673748941620E+02
3.664673748941620E+02   3.689478676967190E+02
3.689478676967190E+02   3.714451501099350E+02
3.714451501099350E+02   3.739593357769630E+02
3.739593357769630E+02   3.764905391101700E+02
3.764905391101700E+02   3.790388752963400E+02
3.790388752963400E+02   3.816044603019180E+02
3.816044603019180E+02   3.841874108782850E+02
3.841874108782850E+02   3.867878445670730E+02
3.867878445670730E+02   3.894058797055140E+02
3.894058797055140E+02   3.920416354318240E+02
3.920416354318240E+02   3.946952316906230E+02
3.946952316906230E+02   3.973667892383990E+02
3.973667892383990E+02   4.000564296489970E+02
4.000564296489970E+02   4.027642753191540E+02
4.027642753191540E+02   4.054904494740690E+02
4.054904494740690E+02   4.082350761730120E+02
4.082350761730120E+02   4.109982803149660E+02
4.109982803149660E+02   4.137801876443120E+02
4.137801876443120E+02   4.165809247565560E+02
4.165809247565560E+02   4.194006191040800E+02
4.194006191040800E+02   4.222393990019520E+02
4.222393990019520E+02   4.250973936337600E+02
4.250973936337600E+02   4.279747330574920E+02
4.279747330574920E+02   4.308715482114520E+02
4.308715482114520E+02   4.337879709202230E+02
4.337879709202230E+02   4.367241339006630E+02
4.367241339006630E+02   4.396801707679460E+02
4.396801707679460E+02   4.426562160416400E+02
4.426562160416400E+02   4.456524051518320E+02
4.456524051518320E+02   4.486688744452870E+02
4.486688744452870E+02   4.517057611916560E+02
4.517057611916560E+02   4.547632035897220E+02
4.547632035897220E+02   4.578413407736880E+02
4.578413407736880E+02   4.609403128195080E+02
4.609403128195080E+02   4.640602607512650E+02
4.640602607512650E+02   4.672013265475820E+02
4.672013265475820E+02   4.703636531480900E+02
4.703636531480900E+02   4.735473844599300E+02
4.735473844599300E+02   4.767526653642990E+02
4.767526653642990E+02   4.799796417230470E+02
4.799796417230470E+02   4.832284603853140E+02
4.832284603853140E+02   4.864992691942090E+02
4.864992691942090E+02   4.897922169935430E+02
4.897922169935430E+02   4.931074536345990E+02
4.931074536345990E+02   4.964451299829540E+02
4.964451299829540E+02   4.998053979253390E+02
4.998053979253390E+02   5.031884103765600E+02
5.031884103765600E+02   5.065943212864450E+02
5.065943212864450E+02   5.100232856468610E+02
5.100232856468610E+02   5.134754594987600E+02
5.134754594987600E+02   5.169509999392810E+02
5.169509999392810E+02   5.204500651289020E+02
5.204500651289020E+02   5.239728142986349E+02
5.239728142986349E+02   5.275194077572710E+02
5.275194077572710E+02   5.310900068986790E+02
5.310900068986790E+02   5.346847742091450E+02
5.346847742091450E+02   5.383038732747730E+02
5.383038732747730E+02   5.419474687889229E+02
5.419474687889229E+02   5.456157265597080E+02
5.456157265597080E+02   5.493088135175420E+02
5.493088135175420E+02   5.530268977227320E+02
5.530268977227320E+02   5.567701483731290E+02
5.567701483731290E+02   5.605387358118249E+02
5.605387358118249E+02   5.643328315349080E+02
5.643328315349080E+02   5.681526081992660E+02
5.681526081992660E+02   5.719982396304380E+02
5.719982396304380E+02   5.758699008305330E+02
5.758699008305330E+02   5.797677679861890E+02
5.797677679861890E+02   5.836920184765900E+02
5.836920184765900E+02   5.876428308815390E+02
5.876428308815390E+02   5.916203849895870E+02
5.916203849895870E+02   5.956248618062110E+02
5.956248618062110E+02   5.996564435620520E+02
5.996564435620520E+02   6.037153137212090E+02
6.037153137212090E+02   6.078016569895869E+02
6.078016569895869E+02   6.119156593233020E+02
6.119156593233020E+02   6.160575079371430E+02
6.160575079371430E+02   6.202273913130930E+02
6.202273913130930E+02   6.244254992089050E+02
6.244254992089050E+02   6.286520226667390E+02
6.286520226667390E+02   6.329071540218500E+02
6.329071540218500E+02   6.371910869113510E+02
6.371910869113510E+02   6.415040162830130E+02
6.415040162830130E+02   6.458461384041460E+02
6.458461384041460E+02   6.502176508705240E+02
6.502176508705240E+02   6.546187526153810E+02
6.546187526153810E+02   6.590496439184610E+02
6.590496439184610E+02   6.635105264151360E+02
6.635105264151360E+02   6.680016031055750E+02
6.680016031055750E+02   6.725230783639890E+02
6.725230783639890E+02   6.770751579479270E+02
6.770751579479270E+02   6.816580490076429E+02
6.816580490076429E+02   6.862719600955180E+02
6.862719600955180E+02   6.909171011755529E+02
6.909171011755529E+02   6.955936836329259E+02
6.955936836329259E+02   7.003019202836070E+02
7.003019202836070E+02   7.050420253840460E+02
7.050420253840460E+02   7.098142146409210E+02
7.098142146409210E+02   7.146187052209571E+02
7.146187052209571E+02   7.194557157608040E+02
7.194557157608040E+02   7.243254663769910E+02
7.243254663769910E+02   7.292281786759390E+02
7.292281786759390E+02   7.341640757640490E+02
7.341640757640490E+02   7.391333822578520E+02
7.391333822578520E+02   7.441363242942330E+02
7.441363242942330E+02   7.491731295407189E+02
7.491731295407189E+02   7.542440272058431E+02
7.542440272058431E+02   7.593492480495700E+02
7.593492480495700E+02   7.644890243938030E+02
7.644890243938030E+02   7.696635901329500E+02
7.696635901329500E+02   7.748731807445740E+02
7.748731807445740E+02   7.801180333001020E+02
7.801180333001020E+02   7.853983864756190E+02
7.853983864756190E+02   7.907144805627260E+02
7.907144805627260E+02   7.960665574794770E+02
7.960665574794770E+02   8.014548607813859E+02
8.014548607813859E+02   8.068796356725120E+02
8.068796356725120E+02   8.123411290166150E+02
8.123411290166150E+02   8.178395893483940E+02
8.178395893483940E+02   8.233752668847929E+02
8.233752668847929E+02   8.289484135363909E+02
8.289484135363909E+02   8.345592829188610E+02
8.345592829188610E+02   8.402081303645180E+02
8.402081303645180E+02   8.458952129339300E+02
8.458952129339300E+02   8.516207894276250E+02
8.516207894276250E+02   8.573851203978600E+02
8.573851203978600E+02   8.631884681604830E+02
8.631884681604830E+02   8.690310968068680E+02
8.690310968068680E+02   8.749132722159350E+02
8.749132722159350E+02   8.808352620662450E+02
8.808352620662450E+02   8.867973358481870E+02
8.867973358481870E+02   8.927997648762380E+02
8.927997648762380E+02   8.988428223013080E+02
8.988428223013080E+02   9.049267831231740E+02
9.049267831231740E+02   9.110519242029940E+02
9.110519242029940E+02   9.172185242759040E+02
9.172185242759040E+02   9.234268639637010E+02
9.234268639637010E+02   9.296772257876180E+02
9.296772257876180E+02   9.359698941811780E+02
9.359698941811780E+02   9.423051555031360E+02
9.423051555031360E+02   9.486832980505120E+02
9.486832980505120E+02   9.551046120717120E+02
9.551046120717120E+02   9.615693897797340E+02
9.615693897797340E+02   9.680779253654640E+02
9.680779253654640E+02   9.746305150110680E+02
9.746305150110680E+02   9.812274569034680E+02
9.812274569034680E+02   9.878690512479120E+02
9.878690512479120E+02   9.945556002816340E+02
9.945556002816340E+02   1.001287408287610E+03
1.001287408287610E+03   1.008064781608400E+03
1.008064781608400E+03   1.014888028660100E+03
1.014888028660100E+03   1.021757459946360E+03
1.021757459946360E+03   1.028673388072540E+03
1.028673388072540E+03   1.035636127759890E+03
1.035636127759890E+03   1.042645995859930E+03
1.042645995859930E+03   1.049703311368830E+03
1.049703311368830E+03   1.056808395441930E+03
1.056808395441930E+03   1.063961571408360E+03
1.063961571408360E+03   1.071163164785780E+03
1.071163164785780E+03   1.078413503295130E+03
1.078413503295130E+03   1.085712916875600E+03
1.085712916875600E+03   1.093061737699640E+03
1.093061737699640E+03   1.100460300188040E+03
1.100460300188040E+03   1.107908941025180E+03
1.107908941025180E+03   1.115407999174340E+03
1.115407999174340E+03   1.122957815893130E+03
1.122957815893130E+03   1.130558734749010E+03
1.130558734749010E+03   1.138211101634940E+03
1.138211101634940E+03   1.145915264785100E+03
1.145915264785100E+03   1.153671574790760E+03
1.153671574790760E+03   1.161480384616210E+03
1.161480384616210E+03   1.169342049614860E+03
1.169342049614860E+03   1.177256927545360E+03
1.177256927545360E+03   1.185225378587910E+03
1.185225378587910E+03   1.193247765360660E+03
1.193247765360660E+03   1.201324452936190E+03
1.201324452936190E+03   1.209455808858130E+03
1.209455808858130E+03   1.217642203157890E+03
1.217642203157890E+03   1.225884008371510E+03
1.225884008371510E+03   1.234181599556570E+03
1.234181599556570E+03   1.242535354309320E+03
1.242535354309320E+03   1.250945652781800E+03
1.250945652781800E+03   1.259412877699190E+03
1.259412877699190E+03   1.267937414377210E+03
1.267937414377210E+03   1.276519650739620E+03
1.276519650739620E+03   1.285159977335940E+03
1.285159977335940E+03   1.293858787359170E+03
1.293858787359170E+03   1.302616476663700E+03
1.302616476663700E+03   1.311433443783320E+03
1.311433443783320E+03   1.320310089949380E+03
1.320310089949380E+03   1.329246819108990E+03
1.329246819108990E+03   1.338244037943470E+03
1.338244037943470E+03   1.347302155886830E+03
1.347302155886830E+03   1.356421585144380E+03
1.356421585144380E+03   1.365602740711510E+03
1.365602740711510E+03   1.374846040392600E+03
1.374846040392600E+03   1.384151904819960E+03
1.384151904819960E+03   1.393520757473060E+03
1.393520757473060E+03   1.402953024697730E+03
1.402953024697730E+03   1.412449135725610E+03
1.412449135725610E+03   1.422009522693630E+03
1.422009522693630E+03   1.431634620663750E+03
1.431634620663750E+03   1.441324867642690E+03
1.441324867642690E+03   1.451080704601890E+03
1.451080704601890E+03   1.460902575497590E+03
1.460902575497590E+03   1.470790927290990E+03
1.470790927290990E+03   1.480746209968650E+03
1.480746209968650E+03   1.490768876562920E+03
1.490768876562920E+03   1.500859383172570E+03
1.500859383172570E+03   1.511018188983550E+03
1.511018188983550E+03   1.521245756289880E+03
1.521245756289880E+03   1.531542550514710E+03
1.531542550514710E+03   1.541909040231450E+03
1.541909040231450E+03   1.552345697185150E+03
1.552345697185150E+03   1.562852996313920E+03
1.562852996313920E+03   1.573431415770580E+03
1.573431415770580E+03   1.584081436944390E+03
1.584081436944390E+03   1.594803544483000E+03
1.594803544483000E+03   1.605598226314430E+03
1.605598226314430E+03   1.616465973669350E+03
1.616465973669350E+03   1.627407281103400E+03
1.627407281103400E+03   1.638422646519680E+03
1.638422646519680E+03   1.649512571191450E+03
1.649512571191450E+03   1.660677559784910E+03
1.660677559784910E+03   1.671918120382160E+03
1.671918120382160E+03   1.683234764504360E+03
1.683234764504360E+03   1.694628007134950E+03
1.694628007134950E+03   1.706098366743160E+03
1.706098366743160E+03   1.717646365307510E+03
1.717646365307510E+03   1.729272528339660E+03
1.729272528339660E+03   1.740977384908260E+03
1.740977384908260E+03   1.752761467663040E+03
1.752761467663040E+03   1.764625312859060E+03
1.764625312859060E+03   1.776569460381110E+03
1.776569460381110E+03   1.788594453768290E+03
1.788594453768290E+03   1.800700840238700E+03
1.800700840238700E+03   1.812889170714400E+03
1.812889170714400E+03   1.825159999846430E+03
1.825159999846430E+03   1.837513886040090E+03
1.837513886040090E+03   1.849951391480340E+03
1.849951391480340E+03   1.862473082157370E+03
1.862473082157370E+03   1.875079527892360E+03
1.875079527892360E+03   1.887771302363420E+03
1.887771302363420E+03   1.900548983131700E+03
1.900548983131700E+03   1.913413151667650E+03
1.913413151667650E+03   1.926364393377500E+03
1.926364393377500E+03   1.939403297629910E+03
1.939403297629910E+03   1.952530457782750E+03
1.952530457782750E+03   1.965746471210140E+03
1.965746471210140E+03   1.979051939329630E+03
1.979051939329630E+03   1.992447467629560E+03
1.992447467629560E+03   2.005933665696590E+03
2.005933665696590E+03   2.019511147243490E+03
2.019511147243490E+03   2.033180530137040E+03
2.033180530137040E+03   2.046942436426130E+03
2.046942436426130E+03   2.060797492370120E+03
2.060797492370120E+03   2.074746328467270E+03
2.074746328467270E+03   2.088789579483490E+03
2.088789579483490E+03   2.102927884481200E+03
2.102927884481200E+03   2.117161886848420E+03
2.117161886848420E+03   2.131492234328030E+03
2.131492234328030E+03   2.145919579047280E+03
2.145919579047280E+03   2.160444577547440E+03
2.160444577547440E+03   2.175067890813660E+03
2.175067890813660E+03   2.189790184305120E+03
2.189790184305120E+03   2.204612127985230E+03
2.204612127985230E+03   2.219534396352170E+03
2.219534396352170E+03   2.234557668469550E+03
2.234557668469550E+03   2.249682627997360E+03
2.249682627997360E+03   2.264909963223030E+03
2.264909963223030E+03   2.280240367092780E+03
2.280240367092780E+03   2.295674537243150E+03
2.295674537243150E+03   2.311213176032720E+03
2.311213176032720E+03   2.326856990574140E+03
2.326856990574140E+03   2.342606692766230E+03
2.342606692766230E+03   2.358462999326410E+03
2.358462999326410E+03   2.374426631823340E+03
2.374426631823340E+03   2.390498316709720E+03
2.390498316709720E+03   2.406678785355360E+03
2.406678785355360E+03   2.422968774080450E+03
2.422968774080450E+03   2.439369024189110E+03
2.439369024189110E+03   2.455880282003060E+03
2.455880282003060E+03   2.472503298895660E+03
2.472503298895660E+03   2.489238831326010E+03
2.489238831326010E+03   2.506087640873470E+03
2.506087640873470E+03   2.523050494272250E+03
2.523050494272250E+03   2.540128163446310E+03
2.540128163446310E+03   2.557321425544530E+03
2.557321425544530E+03   2.574631062976020E+03
2.574631062976020E+03   2.592057863445760E+03
2.592057863445760E+03   2.609602619990450E+03
2.609602619990450E+03   2.627266131014560E+03
2.627266131014560E+03   2.645049200326710E+03
2.645049200326710E+03   2.662952637176210E+03
2.662952637176210E+03   2.680977256289910E+03
2.680977256289910E+03   2.699123877909270E+03
2.699123877909270E+03   2.717393327827690E+03
2.717393327827690E+03   2.735786437428080E+03
2.735786437428080E+03   2.754304043720680E+03
2.754304043720680E+03   2.772946989381190E+03
2.772946989381190E+03   2.791716122789090E+03
2.791716122789090E+03   2.810612298066250E+03
2.810612298066250E+03   2.829636375115800E+03
2.829636375115800E+03   2.848789219661250E+03
2.848789219661250E+03   2.868071703285920E+03
2.868071703285920E+03   2.887484703472560E+03
2.887484703472560E+03   2.907029103643310E+03
2.907029103643310E+03   2.926705793199900E+03
2.926705793199900E+03   2.946515667564110E+03
2.946515667564110E+03   2.966459628218520E+03
2.966459628218520E+03   2.986538582747550E+03
2.986538582747550E+03   3.006753444878730E+03
3.006753444878730E+03   3.027105134524340E+03
3.027105134524340E+03   3.047594577823180E+03
3.047594577823180E+03   3.068222707182820E+03
3.068222707182820E+03   3.088990461321930E+03
3.088990461321930E+03   3.109898785313090E+03
3.109898785313090E+03   3.130948630625720E+03
3.130948630625720E+03   3.152140955169450E+03
3.152140955169450E+03   3.173476723337620E+03
3.173476723337620E+03   3.194956906051280E+03
3.194956906051280E+03   3.216582480803270E+03
3.216582480803270E+03   3.238354431702770E+03
3.238354431702770E+03   3.260273749520040E+03
3.260273749520040E+03   3.282341431731550E+03
3.282341431731550E+03   3.304558482565330E+03
3.304558482565330E+03   3.326925913046690E+03
3.326925913046690E+03   3.349444741044230E+03
3.349444741044230E+03   3.372115991316160E+03
3.372115991316160E+03   3.394940695556920E+03
3.394940695556920E+03   3.417919892444140E+03
3.417919892444140E+03   3.441054627685920E+03
3.441054627685920E+03   3.464345954068370E+03
3.464345954068370E+03   3.487794931503580E+03
3.487794931503580E+03   3.511402627077810E+03
3.511402627077810E+03   3.535170115100070E+03
3.535170115100070E+03   3.559098477151000E+03
3.559098477151000E+03   3.583188802132080E+03
3.583188802132080E+03   3.607442186315210E+03
3.607442186315210E+03   3.631859733392570E+03
3.631859733392570E+03   3.656442554526860E+03
3.656442554526860E+03   3.681191768401870E+03
3.681191768401870E+03   3.706108501273350E+03
3.706108501273350E+03   3.731193887020330E+03
3.731193887020330E+03   3.756449067196660E+03
3.756449067196660E+03   3.781875191082980E+03
3.781875191082980E+03   3.807473415739020E+03
3.807473415739020E+03   3.833244906056260E+03
3.833244906056260E+03   3.859190834810920E+03
3.859190834810920E+03   3.885312382717350E+03
3.885312382717350E+03   3.911610738481760E+03
3.911610738481760E+03   3.938087098856300E+03
3.938087098856300E+03   3.964742668693520E+03
3.964742668693520E+03   3.991578661001230E+03
3.991578661001230E+03   4.018596296997640E+03
4.018596296997640E+03   4.045796806167020E+03
4.045796806167020E+03   4.073181426315550E+03
4.073181426315550E+03   4.100751403627720E+03
4.100751403627720E+03   4.128507992723030E+03
4.128507992723030E+03   4.156452456713050E+03
4.156452456713050E+03   4.184586067258940E+03
4.184586067258940E+03   4.212910104629290E+03
4.212910104629290E+03   4.241425857758390E+03
4.241425857758390E+03   4.270134624304900E+03
4.270134624304900E+03   4.299037710710880E+03
4.299037710710880E+03   4.328136432261250E+03
4.328136432261250E+03   4.357432113143640E+03
4.357432113143640E+03   4.386926086508680E+03
4.386926086508680E+03   4.416619694530610E+03
4.416619694530610E+03   4.446514288468420E+03
4.446514288468420E+03   4.476611228727280E+03
4.476611228727280E+03   4.506911884920510E+03
4.506911884920510E+03   4.537417635931860E+03
4.537417635931860E+03   4.568129869978280E+03
4.568129869978280E+03   4.599049984673070E+03
4.599049984673070E+03   4.630179387089520E+03
4.630179387089520E+03   4.661519493824910E+03
4.661519493824910E+03   4.693071731065000E+03
4.693071731065000E+03   4.724837534648880E+03
4.724837534648880E+03   4.756818350134390E+03
4.756818350134390E+03   4.789015632863820E+03
4.789015632863820E+03   4.821430848030200E+03
4.821430848030200E+03   4.854065470743930E+03
4.854065470743930E+03   4.886920986099970E+03
4.886920986099970E+03   4.919998889245330E+03
4.919998889245330E+03   4.953300685447210E+03
4.953300685447210E+03   4.986827890161410E+03
4.986827890161410E+03   5.020582029101360E+03
5.020582029101360E+03   5.054564638307510E+03
5.054564638307510E+03   5.088777264217250E+03
5.088777264217250E+03   5.123221463735290E+03
5.123221463735290E+03   5.157898804304480E+03
5.157898804304480E+03   5.192810863977160E+03
5.192810863977160E+03   5.227959231486970E+03
5.227959231486970E+03   5.263345506321140E+03
5.263345506321140E+03   5.298971298793310E+03
5.298971298793310E+03   5.334838230116760E+03
5.334838230116760E+03   5.370947932478210E+03
5.370947932478210E+03   5.407302049112110E+03
5.407302049112110E+03   5.443902234375390E+03
5.443902234375390E+03   5.480750153822760E+03
5.480750153822760E+03   5.517847484282530E+03
5.517847484282530E+03   5.555195913932840E+03
5.555195913932840E+03   5.592797142378570E+03
5.592797142378570E+03   5.630652880728650E+03
5.630652880728650E+03   5.668764851673880E+03
5.668764851673880E+03   5.707134789565430E+03
5.707134789565430E+03   5.745764440493640E+03
5.745764440493640E+03   5.784655562367580E+03
5.784655562367580E+03   5.823809924995000E+03
5.823809924995000E+03   5.863229310162860E+03
5.863229310162860E+03   5.902915511718460E+03
5.902915511718460E+03   5.942870335651010E+03
5.942870335651010E+03   5.983095600173860E+03
5.983095600173860E+03   6.023593135807220E+03
6.023593135807220E+03   6.064364785461480E+03
6.064364785461480E+03   6.105412404521050E+03
6.105412404521050E+03   6.146737860928820E+03
6.146737860928820E+03   6.188343035271120E+03
6.188343035271120E+03   6.230229820863360E+03
6.230229820863360E+03   6.272400123836140E+03
6.272400123836140E+03   6.314855863222020E+03
6.314855863222020E+03   6.357598971042820E+03
6.357598971042820E+03   6.400631392397570E+03
6.400631392397570E+03   6.443955085551020E+03
6.443955085551020E+03   6.487572022022720E+03
6.487572022022720E+03   6.531484186676790E+03
6.531484186676790E+03   6.575693577812210E+03
6.575693577812210E+03   6.620202207253760E+03
6.620202207253760E+03   6.665012100443590E+03
6.665012100443590E+03   6.710125296533360E+03
6.710125296533360E+03   6.755543848477070E+03
6.755543848477070E+03   6.801269823124460E+03
6.801269823124460E+03   6.847305301315070E+03
6.847305301315070E+03   6.893652377972920E+03
6.893652377972920E+03   6.940313162201880E+03
6.940313162201880E+03   6.987289777381630E+03
6.987289777381630E+03   7.034584361264240E+03
7.034584361264240E+03   7.082199066071560E+03
7.082199066071560E+03   7.130136058593030E+03
7.130136058593030E+03   7.178397520284400E+03
7.178397520284400E+03   7.226985647366930E+03
7.226985647366930E+03   7.275902650927350E+03
7.275902650927350E+03   7.325150757018490E+03
7.325150757018490E+03   7.374732206760580E+03
7.374732206760580E+03   7.424649256443210E+03
7.424649256443210E+03   7.474904177628040E+03
7.474904177628040E+03   7.525499257252150E+03
7.525499257252150E+03   7.576436797732120E+03
7.576436797732120E+03   7.627719117068820E+03
7.627719117068820E+03   7.679348548952840E+03
7.679348548952840E+03   7.731327442870770E+03
7.731327442870770E+03   7.783658164212030E+03
7.783658164212030E+03   7.836343094376600E+03
7.836343094376600E+03   7.889384630883310E+03
7.889384630883310E+03   7.942785187479000E+03
7.942785187479000E+03   7.996547194248330E+03
7.996547194248330E+03   8.050673097724370E+03
8.050673097724370E+03   8.105165360999960E+03
8.105165360999960E+03   8.160026463839740E+03
8.160026463839740E+03   8.215258902793070E+03
8.215258902793070E+03   8.270865191307579E+03
8.270865191307579E+03   8.326847859843579E+03
8.326847859843579E+03   8.383209455989199E+03
8.383209455989199E+03   8.439952544576310E+03
8.439952544576310E+03   8.497079707797300E+03
8.497079707797300E+03   8.554593545322479E+03
8.554593545322479E+03   8.612496674418489E+03
8.612496674418489E+03   8.670791730067340E+03
8.670791730067340E+03   8.729481365086320E+03
8.729481365086320E+03   8.788568250248760E+03
8.788568250248760E+03   8.848055074405531E+03
8.848055074405531E+03   8.907944544607421E+03
8.907944544607421E+03   8.968239386228330E+03
8.968239386228330E+03   9.028942343089289E+03
9.028942343089289E+03   9.090056177583290E+03
9.090056177583290E+03   9.151583670801059E+03
9.151583670801059E+03   9.213527622657561E+03
9.213527622657561E+03   9.275890852019411E+03
9.275890852019411E+03   9.338676196833210E+03
9.338676196833210E+03   9.401886514254629E+03
9.401886514254629E+03   9.465524680778461E+03
9.465524680778461E+03   9.529593592369511E+03
9.529593592369511E+03   9.594096164594370E+03
9.594096164594370E+03   9.659035332754120E+03
9.659035332754120E+03   9.724414052017901E+03
9.724414052017901E+03   9.790235297557370E+03
9.790235297557370E+03   9.856502064682119E+03
9.856502064682119E+03   9.923217368975969E+03
9.923217368975969E+03   9.990384246434191E+03
9.990384246434191E+03   1.005800575360170E+04
1.005800575360170E+04   1.012608496771210E+04
1.012608496771210E+04   1.019462498682770E+04
1.019462498682770E+04   1.026362892998060E+04
1.026362892998060E+04   1.033309993731450E+04
1.033309993731450E+04   1.040304117022790E+04
1.040304117022790E+04   1.047345581151730E+04
1.047345581151730E+04   1.054434706552290E+04
1.054434706552290E+04   1.061571815827360E+04
1.061571815827360E+04   1.068757233763450E+04
1.068757233763450E+04   1.075991287345430E+04
1.075991287345430E+04   1.083274305771410E+04
1.083274305771410E+04   1.090606620467730E+04
1.090606620467730E+04   1.097988565104070E+04
1.097988565104070E+04   1.105420475608560E+04
1.105420475608560E+04   1.112902690183160E+04
1.112902690183160E+04   1.120435549318960E+04
1.120435549318960E+04   1.128019395811750E+04
1.128019395811750E+04   1.135654574777590E+04
1.135654574777590E+04   1.143341433668480E+04
1.143341433668480E+04   1.151080322288230E+04
1.151080322288230E+04   1.158871592808360E+04
1.158871592808360E+04   1.166715599784090E+04
1.166715599784090E+04   1.174612700170540E+04
1.174612700170540E+04   1.182563253338900E+04
1.182563253338900E+04   1.190567621092840E+04
1.190567621092840E+04   1.198626167684960E+04
1.198626167684960E+04   1.206739259833370E+04
1.206739259833370E+04   1.214907266738330E+04
1.214907266738330E+04   1.223130560099130E+04
1.223130560099130E+04   1.231409514130960E+04
1.231409514130960E+04   1.239744505581930E+04
1.239744505581930E+04   1.248135913750240E+04
1.248135913750240E+04   1.256584120501430E+04
1.256584120501430E+04   1.265089510285740E+04
1.265089510285740E+04   1.273652470155670E+04
1.273652470155670E+04   1.282273389783480E+04
1.282273389783480E+04   1.290952661479050E+04
1.290952661479050E+04   1.299690680207640E+04
1.299690680207640E+04   1.308487843607890E+04
1.308487843607890E+04   1.317344552009940E+04
1.317344552009940E+04   1.326261208453620E+04
1.326261208453620E+04   1.335238218706800E+04
1.335238218706800E+04   1.344275991283840E+04
1.344275991283840E+04   1.353374937464230E+04
1.353374937464230E+04   1.362535471311240E+04
1.362535471311240E+04   1.371758009690790E+04
1.371758009690790E+04   1.381042972290450E+04
1.381042972290450E+04   1.390390781638490E+04
1.390390781638490E+04   1.399801863123150E+04
1.399801863123150E+04   1.409276645011950E+04
1.409276645011950E+04   1.418815558471220E+04
1.418815558471220E+04   1.428419037585730E+04
1.428419037585730E+04   1.438087519378380E+04
1.438087519378380E+04   1.447821443830170E+04
1.447821443830170E+04   1.457621253900160E+04
1.457621253900160E+04   1.467487395545640E+04
1.467487395545640E+04   1.477420317742450E+04
1.477420317742450E+04   1.487420472505390E+04
1.487420472505390E+04   1.497488314908800E+04
1.497488314908800E+04   1.507624303107250E+04
1.507624303107250E+04   1.517828898356420E+04
1.517828898356420E+04   1.528102565034040E+04
1.528102565034040E+04   1.538445770661090E+04
1.538445770661090E+04   1.548858985923020E+04
1.548858985923020E+04   1.559342684691210E+04
1.559342684691210E+04   1.569897344044480E+04
1.569897344044480E+04   1.580523444290870E+04
1.580523444290870E+04   1.591221468989430E+04
1.591221468989430E+04   1.601991904972290E+04
1.601991904972290E+04   1.612835242366740E+04
1.612835242366740E+04   1.623751974617620E+04
1.623751974617620E+04   1.634742598509690E+04
1.634742598509690E+04   1.645807614190300E+04
1.645807614190300E+04   1.656947525192130E+04
1.656947525192130E+04   1.668162838456070E+04
1.668162838456070E+04   1.679454064354360E+04
1.679454064354360E+04   1.690821716713750E+04
1.690821716713750E+04   1.702266312838930E+04
1.702266312838930E+04   1.713788373536010E+04
1.713788373536010E+04   1.725388423136310E+04
1.725388423136310E+04   1.737066989520120E+04
1.737066989520120E+04   1.748824604140820E+04
1.748824604140820E+04   1.760661802048980E+04
1.760661802048980E+04   1.772579121916760E+04
1.772579121916760E+04   1.784577106062410E+04
1.784577106062410E+04   1.796656300474940E+04
1.796656300474940E+04   1.808817254838970E+04
1.808817254838970E+04   1.821060522559780E+04
1.821060522559780E+04   1.833386660788410E+04
1.833386660788410E+04   1.845796230447110E+04
1.845796230447110E+04   1.858289796254800E+04
1.858289796254800E+04   1.870867926752790E+04
1.870867926752790E+04   1.883531194330660E+04
1.883531194330660E+04   1.896280175252300E+04
1.896280175252300E+04   1.909115449682120E+04
1.909115449682120E+04   1.922037601711500E+04
1.922037601711500E+04   1.935047219385280E+04
1.935047219385280E+04   1.948144894728630E+04
1.948144894728630E+04   1.961331223773910E+04
1.961331223773910E+04   1.974606806587810E+04
1.974606806587810E+04   1.987972247298690E+04
1.987972247298690E+04   2.001428154124050E+04
2.001428154124050E+04   2.014975139398170E+04
2.014975139398170E+04   2.028613819600070E+04
2.028613819600070E+04   2.042344815381450E+04
2.042344815381450E+04   2.056168751595020E+04
2.056168751595020E+04   2.070086257322910E+04
2.070086257322910E+04   2.084097965905280E+04
2.084097965905280E+04   2.098204514969140E+04
2.098204514969140E+04   2.112406546457420E+04
2.112406546457420E+04   2.126704706658110E+04
2.126704706658110E+04   2.141099646233710E+04
2.141099646233710E+04   2.155592020250830E+04
2.155592020250830E+04   2.170182488210020E+04
2.170182488210020E+04   2.184871714075750E+04
2.184871714075750E+04   2.199660366306630E+04
2.199660366306630E+04   2.214549117885870E+04
2.214549117885870E+04   2.229538646351830E+04
2.229538646351830E+04   2.244629633828950E+04
2.244629633828950E+04   2.259822767058680E+04
2.259822767058680E+04   2.275118737430840E+04
2.275118737430840E+04   2.290518241015000E+04
2.290518241015000E+04   2.306021978592200E+04
2.306021978592200E+04   2.321630655686820E+04
2.321630655686820E+04   2.337344982598700E+04
2.337344982598700E+04   2.353165674435460E+04
2.353165674435460E+04   2.369093451145050E+04
2.369093451145050E+04   2.385129037548470E+04
2.385129037548470E+04   2.401273163372810E+04
2.401273163372810E+04   2.417526563284440E+04
2.417526563284440E+04   2.433889976922420E+04
2.433889976922420E+04   2.450364148932180E+04
2.450364148932180E+04   2.466949828999400E+04
2.466949828999400E+04   2.483647771884140E+04
2.483647771884140E+04   2.500458737455150E+04
2.500458737455150E+04   2.517383490724500E+04
2.517383490724500E+04   2.534422801882340E+04
2.534422801882340E+04   2.551577446331980E+04
2.551577446331980E+04   2.568848204725200E+04
2.568848204725200E+04   2.586235862997710E+04
2.586235862997710E+04   2.603741212404960E+04
2.603741212404960E+04   2.621365049558150E+04
2.621365049558150E+04   2.639108176460460E+04
2.639108176460460E+04   2.656971400543560E+04
2.656971400543560E+04   2.674955534704340E+04
2.674955534704340E+04   2.693061397341940E+04
2.693061397341940E+04   2.711289812394930E+04
2.711289812394930E+04   2.729641609378860E+04
2.729641609378860E+04   2.748117623423980E+04
2.748117623423980E+04   2.766718695313270E+04
2.766718695313270E+04   2.785445671520650E+04
2.785445671520650E+04   2.804299404249560E+04
2.804299404249560E+04   2.823280751471710E+04
2.823280751471710E+04   2.842390576966120E+04
2.842390576966120E+04   2.861629750358450E+04
2.861629750358450E+04   2.880999147160540E+04
2.880999147160540E+04   2.900499648810300E+04
2.900499648810300E+04   2.920132142711760E+04
2.920132142711760E+04   2.939897522275500E+04
2.939897522275500E+04   2.959796686959300E+04
2.959796686959300E+04   2.979830542309060E+04
2.979830542309060E+04   2.999999999999990E+04
